1.0,0.0
0.9787686211948657,0.010672642046695602
0.9582405553854941,0.02111235061978162
0.936072576795878,0.03462366578383303
0.9152933756494878,0.04583851664257172
0.894104237497557,0.057024209499609436
0.8741313282279655,0.06736135039062831
0.8484220308814816,0.08114455568082443
0.8225633502113504,0.09341374148332132
0.799192560776096,0.10703693723206897
0.7769350108632637,0.12296534191367471
0.7518554373765912,0.13613610796450876
0.7250947671518447,0.14970324694132126
0.702484640276225,0.16296722990633594
0.6802002150504811,0.18318816888047018
0.6535635568807777,0.19742513407396492
0.6323137257213659,0.21222630287022068
0.6108019731570115,0.218899037531928
0.5922818650485416,0.24484164634971767
0.5568878317520483,0.2631623003276414
0.5295408951015174,0.27618347028796425
0.5026079749034467,0.29223673147958745
0.49900168927027755,0.3142497793687205
0.4672049554398847,0.3343101848202429
0.4493518989466738,0.33901357173668367
0.43197750473942625,0.3811251722556534
0.394920338765143,0.396672781260889
0.3661758906596325,0.4095923504518727
0.36580941689318813,0.45849955156514893
0.3410403117893137,0.4591270507052618
0.3284783771932061,0.5166154257246528
0.31368709090378266,0.6644584267423719
0.3068791252568129,0.6913875430707529
0.27269739268570437,0.6993351682460671
0.2447122181242698,0.7172125717190256
0.2351127222131994,0.750780984314543
0.1659722579576698,0.8843521123737618
0.13324260371436802,1.7649383428506782
0.11693570255221125,1.8470270001281788
0.0892960308826497,1.8504836882693623
0.08825179128537203,1.946912389096298
0.0838540910187977,2.0096340824792205
0.058374369715589604,2.0192262819189546
0.054437238070442595,2.061277999668587
0.0462554593087211,2.1415003247322977
0.03176187060069169,2.1453700752097364
0.027866633972437993,2.2169921719123047
0.018309903541594248,2.262369804353188
0.009435080094088055,2.298717048051192
0.0,2.3256740195736842
