1.0,0.0
0.9724217653089493,0.013899473142289275
0.9450192706979752,0.027880402390956786
0.9176859511930685,0.04208447036571716
0.8904024277348758,0.056400244649694564
0.8632232621351692,0.07090701101032898
0.8363412937759528,0.08548753483742029
0.8096280534853454,0.10021728243855409
0.7831111306691052,0.11513315868452877
0.756699089573295,0.1301350920866187
0.7305313452924911,0.1452891685683949
0.7046658923786191,0.1605606556569706
0.6788720763368322,0.17606349371853436
0.6538980436116163,0.1913674574734615
0.6292361605537348,0.20675603302307294
0.6048726700542957,0.22227756908673876
0.5807299546533703,0.2379458990139387
0.5571500453503304,0.2535783988336681
0.5342128986203677,0.26910300799486364
0.5118044847050498,0.2846041227062138
0.4894784124775176,0.3003755851926005
0.4676339398649936,0.3161696988461286
0.4457337460670163,0.332377059148677
0.4244896985770088,0.34847288270718685
0.40271643173195526,0.3654141045995593
0.38166154665911645,0.3822319830895976
0.3606634775732869,0.3994527202856897
0.33911748501611766,0.4176655513949127
0.317715005592448,0.43634259257756625
0.2962688069936227,0.4556968433261548
0.2746964521506532,0.47588706616852866
0.25359820274633715,0.4964380873148597
0.232692686596924,0.5176221644160817
0.21221120786854797,0.5393472290906167
0.19186622410601145,0.5619800287121633
0.1720458849188229,0.5852814810900705
0.15289754200100347,0.6090024363538631
0.13443295742448413,0.6333539913975081
0.11669587495322653,0.6584124286259746
0.0996098385832066,0.6843950166713941
0.08331311379553896,0.7113874114904252
0.06793210503317648,0.7393806324067151
0.053674970106099784,0.768338167779277
0.0408297782202357,0.7979792670273828
0.029170323881353266,0.8292462920760169
0.01923608331855539,0.8613165174696918
0.011240463798116718,0.893979106127105
0.0050824726989451285,0.928719231675328
0.0013025008280912465,0.963950735810688
0.0,1.0
