1.0,4.595308287270449E-9
0.9721424264938089,0.01403558947127687
0.9453403833845051,0.0277262275976821
0.91891754454137,0.04139934121152253
0.8926870538249025,0.0551926192098099
0.8667357534223641,0.0690145409378103
0.8414877810411114,0.0826744238220047
0.8165231795702094,0.09638476460831212
0.791548598058215,0.11031064103881551
0.7672502023930436,0.12407325657454256
0.7435911995430452,0.13768958328806957
0.7202109854171708,0.15134811618332816
0.6973221120715689,0.16495050439678283
0.6746337047979347,0.17865502696610266
0.6522556615253835,0.19245681659010716
0.6298130258430589,0.20641313606738274
0.6073636981074797,0.22066469821739526
0.5848710316105458,0.2352399597636385
0.5626800696899996,0.24990641539048378
0.5401786879148532,0.26503321493195725
0.5178828108165527,0.2803638448209883
0.4954717427894224,0.29610874361177475
0.47308231491960206,0.3121905360134905
0.45098993173191504,0.32847283527945825
0.42886979522984914,0.3451789172013764
0.40664387671846813,0.36251887835680346
0.38429042168736366,0.38008845430368815
0.36236279593509807,0.3980461971925644
0.3407982498930534,0.4162501830491949
0.3191418278052385,0.4350739248886149
0.29755013197316066,0.4545242835165623
0.2763821493496621,0.47432429034385537
0.2554038951892875,0.4946425658219698
0.23455027655784,0.5157248505663574
0.21405992859651768,0.5373470291353076
0.19404068565091404,0.5595125842875628
0.1743190963628959,0.5824861553249553
0.15497145239183863,0.6063379087839239
0.13665028434118362,0.6303389904686114
0.11923445722826298,0.6547113310991767
0.10312497105792828,0.6789295055862613
0.08757339755692373,0.7041232509333992
0.0727019073242029,0.7303716671495818
0.05844847056585034,0.7582829556049138
0.04492104457343982,0.7881514007893339
0.02945685511711449,0.8283877633712872
0.01810636786548714,0.8654794676647064
0.007955269394145259,0.9108125652482663
0.0018320525110306907,0.9572238925540577
0.0,1.0000000568989793
