1.0,0.0
0.9731193455188019,0.013560961282348778
0.9463016126078987,0.027221228747295757
0.9196339956748547,0.04103111641190254
0.8924395931490291,0.05531120769892279
0.8655946067339628,0.0696313959932208
0.8386659137224979,0.08422986750379248
0.8117237439791909,0.09905188729891876
0.7851105219768133,0.11394963350464188
0.758542205824221,0.12905918964687027
0.7320725813773701,0.1443883350584177
0.7060749626490401,0.1597208979484592
0.6801805702124879,0.17528514897707642
0.6544397066861886,0.1910276737941198
0.6288569514572031,0.20700061779464543
0.6035889495781177,0.22312263967692933
0.5785874145892878,0.23936354952262573
0.5539049972786658,0.2557698635944845
0.5295489019055553,0.27230059954980723
0.5054117949612139,0.28908960343499823
0.481484222314006,0.30612364640095
0.45809088726399483,0.3231769756324891
0.4349845378848256,0.34047440255881317
0.4120955297988159,0.35806112874351
0.38986655657648306,0.3756275522324262
0.36761329198208603,0.39369008393194493
0.34585679209545583,0.4119066757482455
0.3243900986778909,0.4304475954583941
0.3032630713807857,0.4493179749097218
0.28238735719742125,0.46861402492262627
0.2611733322729531,0.4889494235438595
0.24032742159243703,0.5097792366088394
0.21971473899683225,0.5313176332493583
0.1993226894469028,0.553572636726531
0.17950389279082002,0.5763264558978309
0.16025627533068953,0.5996950237527766
0.14199534732891722,0.623214223121518
0.12434803520592086,0.6473754917132736
0.10752978071466596,0.672266393952004
0.09173395324242994,0.697157046431163
0.07682069806288672,0.7229613602669153
0.06294035805463871,0.7491231074890995
0.05039185349336606,0.7755194411831746
0.038977743939782594,0.8025788003309023
0.028565838825428402,0.8309955591500271
0.019120749294503026,0.8617247816682071
0.011667799506834275,0.8920028825095405
0.005711478261657549,0.9245526814376656
0.0015559240782043737,0.960579995267765
0.0,1.0000000010461838
