1.0,0.0
0.9876871747736897,0.006340146531567891
0.9757254814772219,0.014059518225465258
0.9641508685270819,0.018265905947236854
0.9546224173577085,0.02467211399655035
0.9411881497266141,0.033153298774503
0.9278186069486366,0.036832456656838194
0.9182314984250278,0.04299854274299837
0.90864279081905,0.04727105000092426
0.8966413518956824,0.055869491560341
0.8883801159090429,0.07241417975483114
0.8744873474943654,0.072495718169191
0.8568720749771929,0.07551368060423458
0.8418872019045024,0.10027844273801784
0.8257813171538383,0.11206630819862624
0.8200468957295325,0.11908612312586733
0.7928362795374722,0.12161948680781985
0.7795534782964063,0.1421325072574726
0.762884126479339,0.14742581206774946
0.74940210620819,0.18095652712043608
0.7335200060703708,0.1967858730140563
0.6995435386075293,0.23935245538681685
0.678484042295097,0.29115753206453715
0.6369335882504747,0.34877538018794174
0.6224039900360094,0.38821320935188264
0.608059458700092,0.38867987360467443
0.585620889886727,3.038229927283024
0.5721982634011412,3.050837035822116
0.32475466584251556,3.3488536216882907
0.20785164863363093,3.4338392516667215
0.1758728745108242,3.546524045699272
0.17231272958076232,3.670714472008848
0.13785591813205328,3.678814600664084
0.11788552367509467,3.684930674951578
0.11535530221269712,3.7581831891985833
0.09436512820384936,3.772896575920797
0.08890433453241875,3.7912438918100686
0.07811968428942566,3.803786630438719
0.06688974341054418,3.8337226001179796
0.06476930849097923,3.8607692583760045
0.042796136259928924,3.9277058825686426
0.03517176108845854,3.9901267914733567
0.031147293754257434,4.03483000448006
0.020519381064669676,4.19794327314585
0.019408719414321318,4.261181950231347
0.017975757528035437,4.302284830669312
0.015501066130609465,4.352945543951141
0.00610535838928862,4.353746652542469
3.0230040958150947E-4,4.422451363892155
0.0,4.497702795069095
