1.0,0.0
0.9749507863128181,0.012604670264649842
0.9498759090116239,0.02539527360619977
0.9247393881215522,0.038403853016093614
0.8996830210453447,0.05148384525373435
0.874771814818742,0.06470864755846611
0.8496502605191758,0.07826952226222814
0.8245646222204529,0.09195316761106355
0.7986886969821161,0.10630737346396904
0.7732845346846063,0.1206414721632189
0.7476354819178415,0.1353428461533343
0.7222406454544762,0.15015659917428684
0.6962755831789691,0.16557086032569884
0.6703738760279362,0.18124062409641745
0.6444542522013912,0.1972234639460157
0.6184004142545252,0.21362088885253913
0.5924847312869211,0.23028977544640195
0.5668215560014848,0.24713365819322003
0.5420327726732755,0.2637951285285612
0.5173097452335744,0.2807575199686191
0.49280476995322053,0.29800013207199405
0.4688674142506627,0.3152807442079601
0.44498106591149134,0.33299666709072484
0.4218337935823464,0.350565890088263
0.39910627278462063,0.3682515430644885
0.37656337055778666,0.3863535481609734
0.3545058257368249,0.4046361800510722
0.33290883802730153,0.4230564683596982
0.31164443984705004,0.4417740287305293
0.2913154187179069,0.46040037175772075
0.271402893390978,0.4790377634768885
0.25179285263681017,0.49825393392709766
0.23267800062894017,0.5176917901173742
0.214152663541046,0.5372345446092799
0.1960464295728621,0.5572331788580392
0.17836055607707219,0.5776729386904312
0.16116007595056692,0.5986703697744502
0.14447665449009794,0.6200008196108592
0.12743863212377526,0.6431214783553185
0.11042704908852019,0.6677001557499751
0.09484544641426684,0.6920312028958325
0.07947749852214664,0.718094365508225
0.06386025678116691,0.7472943191068392
0.05015410553301913,0.7760531091710948
0.03731713090337074,0.8069222191970252
0.02578319681971719,0.8394302662236035
0.015525197990805983,0.8754437918108181
0.007442467873865821,0.9137326957945853
0.002016277536849964,0.9551112615015974
0.0,1.0000000011236223
