1.0,0.0
0.9733226619922639,0.01342975611026613
0.946719393102645,0.027011845673171737
0.9201959795500803,0.0407326815491609
0.8934708186599257,0.05477705221853194
0.8670456635080703,0.06890506347863555
0.8405939839628909,0.08330648762980733
0.8140239787192305,0.09777059668120051
0.7878174881928399,0.11241978629372593
0.7616828380775668,0.12730934367355434
0.7356980678064184,0.14235492453383536
0.7097488243248326,0.15754347911714855
0.684117789925605,0.17291509026944762
0.6588670096628778,0.18830402596216225
0.634273468723543,0.20358712903851175
0.6098591386992581,0.21907153303585372
0.5858675339884757,0.23470208950456023
0.5621141433174828,0.250260817773204
0.5388621011733035,0.26593711280694754
0.5157621805690378,0.28184940813263576
0.4929395137941105,0.2979104092633922
0.4703480699056025,0.3141959587754948
0.44788438311463685,0.3307651219021831
0.4251704726570221,0.3479834215965279
0.40262703858378307,0.36547169691878256
0.3808440985598731,0.38292121608621327
0.35806354268966306,0.4016459181209679
0.3358075962199466,0.4205243048300122
0.313237935648204,0.4403249809340288
0.291089528332325,0.46048000199447453
0.26921540996584453,0.48114688673829864
0.24755201704834207,0.5024544600706008
0.22637026825448336,0.524240347605487
0.2058661718681726,0.5462925476473273
0.18607973470724914,0.5688895477743355
0.1671641867354377,0.5911983543998891
0.14896403000146835,0.6142122663724084
0.13106611849885186,0.6379781917869513
0.11395449335589203,0.6624794714482876
0.09730637532834607,0.6880929880900893
0.08140292083120487,0.7146881277690564
0.06662349439551146,0.7419481167504905
0.05288129370231098,0.7700810454565162
0.04024579553491747,0.799400117494902
0.02909665063939426,0.8298125411356686
0.01927812767391246,0.8611608808194029
0.01209102280794816,0.8900468116228085
0.005905767090723442,0.9235289291944336
0.0016283797972639763,0.9596750673509292
0.0,1.0
