1.0,0.0
0.9723902914768036,0.013914670201960083
0.9448980628007265,0.027941797880486816
0.9175315666601355,0.042131443441774594
0.8905346954304602,0.0563440583016156
0.8637767634966619,0.07065599312408699
0.8376553991862703,0.08477546140492959
0.8114360147178772,0.09928706848016382
0.7853944499516343,0.11378236865762967
0.7600572068952102,0.1282987820216535
0.7349340171322489,0.14284285013843837
0.7097898530117294,0.15759825744487635
0.6857547435567135,0.17193052397771386
0.6616258888705051,0.1866318329324654
0.6381935197664392,0.20124138324286717
0.6147857535236467,0.2159376066161876
0.5922815611251316,0.23044835252649185
0.5698981102069023,0.2451010742060232
0.5478297681132869,0.25984562084772245
0.5261284970338215,0.27474983735617026
0.504484498929092,0.28977500202218637
0.4829994509676584,0.3050602885678376
0.46173658657855243,0.3205524811266065
0.4406393407870146,0.3362505501448351
0.4195097650108154,0.35232294204151227
0.3987836450625213,0.3685302428315343
0.3777980343867952,0.3853593401614349
0.3569323449408669,0.40259070352688076
0.33590845149341264,0.4205116940119124
0.315101573816687,0.4387380791730609
0.2946922270069422,0.4571926826425528
0.27446847240300354,0.47611430861703763
0.2548304457037942,0.49538520460842367
0.2352143861333491,0.5151162408188231
0.21642748672425324,0.5348504192212591
0.19808104572106966,0.5549706287424698
0.1800888224215481,0.575704947031505
0.1622699768398843,0.5972167628297369
0.14489173624738744,0.6197467693163315
0.12659929036181394,0.6443307382071041
0.11026155643299562,0.6680156437813385
0.09345313994421767,0.694690977431439
0.0751465380657127,0.72603283825468
0.05851543129176806,0.758178906024049
0.04328624360431754,0.7921927776358754
0.029126891890644102,0.8295054903645784
0.0172583694249282,0.868694871278093
0.007918735729511739,0.9118632776559163
0.001805836253259363,0.9579593431638287
0.0,1.0000014068049514
