1.0,0.0
0.9864267865520212,0.007072228643895035
0.9734187396098279,0.01364633951823717
0.9603822094967401,0.020258929457756706
0.9464985359833109,0.027129539253363543
0.9332980699124055,0.03504137232884703
0.9188370971988016,0.041678966817115894
0.9032522233032799,0.05030355024626666
0.8883508447299885,0.057561956840599664
0.8733297079374255,0.06610524994857175
0.8603655303582796,0.0765004211101444
0.8419584995877214,0.08524674336381637
0.8271159807706281,0.09153346137721804
0.8093843056524407,0.10104942050104225
0.7942068102056108,0.11010710689145155
0.7807739482889207,0.1182063866424883
0.766113500319059,0.12662162957099005
0.7500029359832859,0.13687270016552966
0.7355307742537694,0.14636044919846394
0.7219174055985368,0.15458325157525904
0.7083205730405574,0.1637332467095987
0.6924744789832757,0.174674865403988
0.6766184407335211,0.17787419549734565
0.6566296229411217,0.19158072002617263
0.6364967822386762,0.20741173163890095
0.6128675372537099,0.22493490870700075
0.5984624635046769,0.23238384334951598
0.5749963158171929,0.2506327033780775
0.5725375672713529,0.2633724262592675
0.5501606750176944,0.2790213208650411
0.5372075813763836,0.2790929286699615
0.5159132089966962,0.29268974984232954
0.505341431830596,0.29859847141522483
0.5017367257139275,0.33440099422007025
0.4856252890697508,0.3470660214674535
0.4722281789193678,0.37463488709725123
0.40644338840372285,0.4001450093414363
0.3505883609837912,0.48807954486561617
0.33964343571988864,0.5046056738096593
0.292338951945607,0.875689220397927
0.26154293820763475,0.9534183895826556
0.22496032632996982,1.1393763809892792
0.21547371996602083,1.1533353370161719
0.20271196681824072,1.1722192955033597
0.18879843823502362,1.2197570603711918
0.15060340568290317,1.2341157452341998
0.12240075088463265,1.2983753860529599
0.048195968058255906,1.3588208229791883
0.021063648009051972,1.5591869483070515
0.0,1.6868571303383055
