1.0,0.0
0.9743931149408064,0.012886632802364266
0.9489751511046118,0.025865838892403844
0.9236886809814313,0.03892544797288162
0.8986814335882122,0.05206129557168988
0.8736075400434488,0.06533252604218352
0.8492352540293928,0.0784620913996602
0.8249418454945336,0.09173883320445082
0.8007797425144536,0.10518786648361637
0.7765591408677167,0.1187930877254425
0.7523888797788949,0.13259886344710387
0.7283967226764156,0.1465394665785699
0.7036435248441373,0.16118830552280825
0.679365684013306,0.1758455032053641
0.655134059438627,0.1906483947877649
0.6306675006256665,0.20589520552214513
0.6067227161654061,0.22107995855163687
0.5824861907588103,0.23679657311086535
0.5584693934168418,0.2526921722042865
0.5346536336127035,0.2688021904138485
0.5108845992099321,0.2852466595369919
0.4875103223806234,0.301798128288022
0.46438097176485305,0.31856051756370324
0.4416273458736011,0.3354544124210009
0.4191230801344641,0.3526650766665556
0.3968179982168876,0.37014459577391434
0.37459940412674053,0.3879636636580333
0.35287102334137443,0.4060457822524776
0.3311366196519733,0.4245792121420655
0.30980028180887986,0.443457612286558
0.2885823552475311,0.4628986386750404
0.2674273897487477,0.4828818804609836
0.24662235738640093,0.5034493478184637
0.22627831613207505,0.5243762803591586
0.20606210292097915,0.5460710621576944
0.18628481090478977,0.5684122465726651
0.167057808771024,0.5912878907643588
0.14850406726915044,0.6146989982207188
0.13005468968568445,0.6393751656403531
0.11274157304041454,0.664265393353156
0.09569571849544611,0.6907600757820288
0.0793332364486411,0.7183649308536098
0.06387275307849638,0.7473971138212266
0.04895570437742136,0.7787507818614445
0.03555825013643488,0.8114729365588979
0.023779189468130846,0.8459209644677527
0.01385668268835194,0.8824304126479605
0.006674503717841729,0.9183102493163348
0.0017213042403944057,0.9586528030715716
0.0,1.0
