1.0,0.0
0.9793071499679049,0.010400510323542611
0.961905018159652,0.019232434182465452
0.9457315368539505,0.027512706070690895
0.926913072211441,0.03723675173413421
0.9094502989999702,0.04643526137352326
0.8919288431837276,0.05558015523617488
0.8743329111609018,0.06504975932220655
0.857103491085961,0.07420116057214621
0.8365066708750397,0.08787994427049667
0.8170664019780535,0.09649303852395585
0.7977082031386477,0.10723467325726822
0.7744984191756878,0.11994408179043081
0.757867367256546,0.1296909154292061
0.7389626028842426,0.14038490074191246
0.72236917450622,0.15258485784520365
0.7048497068809885,0.16869807376414278
0.6838300806523856,0.17448291866287874
0.6660093418759558,0.18755233627924184
0.6443035288280994,0.1973148009162624
0.6185929118240614,0.2170449958152391
0.5939096956191177,0.22993185239167815
0.5761865730713169,0.2415095914283613
0.5553476852045762,0.25755033744958
0.5388555662895262,0.2666361038564729
0.5241957831139921,0.27997051962784025
0.5086182096990451,0.29659203548620583
0.48837318584056433,0.3049971556198188
0.4602677614506124,0.32157556367746937
0.45009830562793884,0.34798526455872064
0.4303687404265101,0.3520386294131066
0.4090092484792239,0.3929956472272109
0.38835243447090595,0.42758836482683293
0.36510282269289873,0.4315066465336634
0.34014476028604457,0.46132674630881293
0.32720615420767674,0.5257740490290722
0.3055991571252777,0.5575372837961737
0.27185777686094115,0.570346015625052
0.25907256613553525,0.627582639937322
0.1487345570793448,0.7196948741014015
0.13838990916980592,2.6703201558914142
0.1264074811575671,2.766028047473869
0.11304416639362137,2.914398541186063
0.08592087379932405,2.959999268053297
0.07026883170818499,2.9758154241966053
0.05208822355133502,3.028518281824206
0.04668954020415957,3.090448004173105
0.03620514076548331,3.138296049401444
0.011185688974826302,3.2481599581475815
0.0,3.301056122879794
