1.0,0.0
0.9793457505972873,0.010480884226990112
0.9625272696854406,0.01944758475123092
0.9442686701184254,0.02826512354530286
0.9279885900648677,0.036798556645751296
0.9099816074087367,0.04607043896903129
0.8976643308934952,0.05314559090752809
0.8810755526712117,0.062128154324532184
0.8684284496301204,0.070683378042975
0.8533872045152273,0.07904769026880115
0.8361919746393885,0.09430032134760263
0.8181338990615036,0.09782063268908976
0.801572386768191,0.10776099429330734
0.788394214867981,0.11375048014274777
0.7777053566153723,0.13215766985337649
0.7577270280449553,0.13477095255130905
0.7438607724560761,0.14352839187241898
0.7186848900516386,0.15828489623854938
0.7017407144869408,0.16568251889982
0.6814158433445772,0.19019451632061055
0.6674987133505442,0.20112241150398116
0.6551371473408317,0.20915635489429457
0.625361839588313,0.2141050738215849
0.6080750301008949,0.23602367733068155
0.5928360675657285,0.2454927956504194
0.5836791059995292,0.2754695081552813
0.561760904581998,0.28168727620664363
0.5446816799388708,0.2960734876317916
0.5181800864863606,0.3488534407098134
0.4743967385185681,0.36790336427639725
0.47273922769596255,0.3844634740339886
0.4337811605013002,0.41297982093259566
0.3969373252522374,0.5065865275383765
0.37059139906843763,0.5480141687868375
0.3676820611803413,1.49408249029682
0.3296870795006642,1.49917128391148
0.30941698153980235,1.540917500904778
0.3044052857912571,1.5780271925930185
0.29031715738281766,1.595169766298898
0.25687131585594364,1.6261760195822772
0.23025329130890726,1.6754541059083057
0.10048741758834195,1.7383371249173007
0.0849375856626664,1.9235542558715222
0.07013142753587127,1.9860504483684478
0.04780035977647561,2.0394658032850326
0.04328908963482819,2.264628219584923
0.027959859095089967,2.3149167962330917
0.015423825999591183,2.366981112249489
1.3102039871074056E-4,2.517292233393907
0.0,2.5276957105143056
