1.0,0.0
0.9831487893595519,0.03341845798084753
0.9674091941022647,0.06411945116640683
0.9513055682282979,0.0959479094455415
0.935591928781377,0.12539610650171554
0.9216868839239734,0.15049328800251605
0.9072403112571428,0.17945441804265314
0.891251828380061,0.20619619931220237
0.8756293536448416,0.2332732350355169
0.8616540525501094,0.2590811218925632
0.8461517380228754,0.2866544079676955
0.8300944106881534,0.3122208366580534
0.8142448235039057,0.3370053673970934
0.7975732473253958,0.3642442843608653
0.7831318497663718,0.3869608919703097
0.7682378102524934,0.409810666898454
0.7526613545397044,0.43350088538245735
0.7374555879347533,0.4566990831968006
0.722511082539506,0.4801366082884339
0.7067754001123727,0.5006635671443501
0.6909176009913145,0.522689044485342
0.6759802244048729,0.5452980483653033
0.6604811714527794,0.5646553921619992
0.645027943119896,0.5849028689309501
0.6294258831002966,0.6060080865990031
0.6144682822269911,0.6245175962061069
0.5966258504837791,0.6484198298029168
0.5791520685994556,0.6692220845990727
0.5585361380598566,0.6935441499601465
0.5377145201871418,0.7234486521728399
0.5179534672383909,0.7342019061974361
0.4973901514641771,0.7560840102718052
0.47554910243527565,0.7799153057485122
0.44323983097647757,0.8098321051010878
0.42278623427369855,0.8353466068657701
0.40341148131361426,0.8395859317416137
0.38335324429516326,0.8685572228933872
0.3724260078859105,0.9030968876363149
0.33578230599588227,0.9130337751276711
0.30929270184730595,0.9259125593519123
0.2897198490802222,0.9948630441051383
0.27739582958560605,1.0165692561647308
0.26252912211821766,1.076721367359505
0.24023260424721737,1.079915791635597
0.1415397466985131,1.2840635912326976
0.10900958656369397,1.3864340928011742
0.10576507464107987,2.3078581779487575
0.06147987564201186,4.579779131050289
0.026337080884930753,4.583805506781417
0.0,4.669154350783765
