1.0,0.0
0.9918956670728084,0.016464003402250363
0.9833277841075699,0.035763704388664844
0.9741522317924575,0.05102742929377424
0.9662082627316199,0.06746649029210217
0.9574774265882616,0.08323697757392001
0.9466752487287574,0.1041446912147538
0.9367669055956473,0.1261752733791083
0.9254367170061255,0.14356688281692442
0.9147007105720822,0.16493604720510047
0.9055759054321804,0.18056392650009032
0.8964828671211719,0.19631846895820326
0.8876015145249094,0.2148625675846792
0.8766985739335051,0.23139961046295843
0.8674451592554195,0.2577546117895273
0.8562182160989058,0.27168783329278884
0.8463855817837976,0.28738377219073336
0.8355653180621793,0.3037970673280993
0.8256006160734153,0.31847918094178806
0.816578788421308,0.34159141237994634
0.8054018312260918,0.35722948607984895
0.7982911758110365,0.3795222564534262
0.7880973566202576,0.3951720872740637
0.7760523574617506,0.4071489298816663
0.7668241738471365,0.4359457140278791
0.7528053198417303,0.458962748061236
0.7434825703998045,0.4658517265535501
0.7347841073323443,0.4843278983831759
0.7265873282353597,0.5081866179522323
0.7126527702012795,0.5206440532403735
0.6997534006236006,0.5455547874704223
0.6834362784231995,0.5758502689012212
0.6633136432835702,0.6361874088350011
0.6512176089883447,0.6371573679178857
0.6308195471555728,0.6626983460498286
0.5942708830162668,0.7087215993565207
0.5866267342807514,0.7379471828765428
0.5366274744432185,0.9307645098640916
0.4958665751556146,0.9601637806459319
0.48722808736103884,1.295813625366847
0.4518403503834084,1.4650971976419522
0.4161691046756354,1.8261409545838632
0.3977305029117786,1.838603186058126
0.35320815514058623,1.950041645288774
0.30180556354658505,4.543694787560142
0.27505275260785755,4.679572394989938
0.08403083473319942,4.979899434498949
0.011544555617033214,5.08384407752186
0.0020756991041284804,5.138948903277212
0.0,5.223245131788511
