1.0,0.0
0.9859233382244577,0.027959715599583164
0.9717957598381558,0.05561636355037735
0.9575525894870206,0.08309615200074949
0.9432610246459252,0.11025879634981509
0.9290567717695262,0.13685441773164322
0.9144793064791342,0.1637281100839283
0.8999616609638534,0.19006929258590483
0.8853821416369265,0.2161071284918257
0.8708690149028268,0.24158942298198582
0.8564300459333728,0.26652785512551735
0.8417582315947582,0.29144396160965536
0.82698565850967,0.31609634735413333
0.8121130422325165,0.34047439516447603
0.7970520319303366,0.36472151655004453
0.7817297694190932,0.388900040995582
0.7663832253597622,0.41265760203220336
0.750698135671173,0.43645870855590696
0.7345656313848049,0.4604133754306852
0.7182808458470503,0.4840729561900578
0.7016437122489232,0.5076964877774268
0.6847524945392494,0.5311329575668704
0.6674636941217138,0.5544952912304545
0.6497945792930191,0.5777670553886474
0.6318460775743762,0.6007769823876116
0.6136751529895288,0.623406505365025
0.5953165161556626,0.6455984375981595
0.5765552885098129,0.6675842623642848
0.55759784483543,0.6890872828326682
0.5382753627211041,0.7102618200829488
0.5186520424447798,0.7310073386054514
0.4986533387701567,0.7513449449633441
0.478238666575688,0.7712897034006898
0.4573322525197886,0.7908472904635886
0.4359161941592836,0.8099838060587821
0.41374339665336435,0.8288168800301947
0.39113085647203144,0.8470182928002694
0.3676985918730804,0.8647978583066024
0.343586178096442,0.8819511796125507
0.31871238599868623,0.8984252371544621
0.29266794357553916,0.9143463576775301
0.2655784498275818,0.9294687309888902
0.23728135489566615,0.9436979511437834
0.20782107614074863,0.9568214818143377
0.17695359350523598,0.9686937186521587
0.14447590919568953,0.979126958905814
0.11153911814234352,0.9875590870010268
0.07653610989505255,0.9941436984748288
0.039592935689773956,0.9984525374189969
0.0,1.000000003374571
