1.0,0.0
0.986768792892402,0.026288067587414053
0.973373863952501,0.0525434106365782
0.9598678490603179,0.07865395850912135
0.9461815042963468,0.10474070927585132
0.9323912389898908,0.13064713076056322
0.9183469156693722,0.15663913394398365
0.9041789873260583,0.18246059065551065
0.8897190606126847,0.2084004267286823
0.8749652728734163,0.23443587698492807
0.8600724243520796,0.26027543287934823
0.8450519456605765,0.28588750367732374
0.8297749244391208,0.31147403387645567
0.8142705716553128,0.3369635734088019
0.798522924262558,0.3623618548320276
0.7826604273892077,0.3874433752213779
0.7666515944797262,0.41224559050242504
0.7505689983653752,0.436646741550596
0.7343523601281048,0.46072759429781307
0.7181605957827712,0.48424562277162725
0.701563358161092,0.5078088864234196
0.6846632300507509,0.5312363840459358
0.6677764098285064,0.5540764926360637
0.65069949694938,0.5765901651804117
0.6334707866595526,0.5987147652798248
0.6160347509779232,0.6205012380657509
0.5984842003091168,0.641816680857387
0.5805905094089642,0.6629148957242049
0.5626391136870936,0.683437366347063
0.5444897342082656,0.7035310532912773
0.5260490657069695,0.7232725265748399
0.5073431933445869,0.7426034782387887
0.4881994797821224,0.7616616112418803
0.46804133017660415,0.7809375108948334
0.4478327009913379,0.7994463744659784
0.42698064582315937,0.817687531454183
0.4055220414928252,0.8355518754109941
0.3827379700976988,0.8535116468259154
0.3591835825061612,0.8709875419890575
0.33444189641505523,0.8881491213796946
0.3087591391231759,0.904667801305934
0.2821263711818227,0.9204050823567825
0.2538183523485882,0.9355766514451395
0.22397604521893133,0.9498352027599628
0.1926828842906697,0.9628733138894044
0.15941725007408136,0.9745865676400877
0.12373799921057882,0.984689320348661
0.08558592483638827,0.9926752709640251
0.04429836345022853,0.9980380086005433
0.0,1.0000000001252307
