1.0,0.0
0.9856829121154026,0.028431636902758465
0.9712110357209062,0.056751034292524365
0.956621304391716,0.08488263435050887
0.9419984109209236,0.11264083531748723
0.9272839387197208,0.1401459999430319
0.912351474359377,0.1676172593187756
0.8973754640484828,0.19471899176480528
0.8823979542658162,0.22139593919625344
0.8674116784105943,0.2476181562503388
0.8522464219788141,0.2736833174508038
0.8370916219122492,0.2992816911788809
0.8217749292052123,0.32468629759609435
0.8062674781398093,0.3499374350144507
0.7905573361857234,0.3750210386213122
0.7746258034475142,0.39996583685584003
0.7585221174773273,0.4246446859010221
0.7420386126714394,0.44938087755663303
0.7253044375376112,0.47393485224085724
0.7082805943103853,0.4983397337213693
0.6910081930835749,0.5225090808957321
0.6733838557057605,0.5465645741382676
0.6555541177481572,0.5702537016323254
0.6374121098148635,0.5937295933082891
0.6190155922600029,0.6168239739584933
0.6009739246674768,0.6388343368073254
0.5827197282750233,0.6604486738538425
0.5640756356073647,0.6818213594146454
0.5451705909225867,0.7027906445726748
0.525888849256103,0.7234421221132922
0.5063852475073705,0.7436415985783204
0.4864434191203072,0.763421012244916
0.46578643725717006,0.7830955647559212
0.4445679590409165,0.8023612421171259
0.42286867466301326,0.8211915927973649
0.4007096439802035,0.8394322529080163
0.3780174595592516,0.857103782599485
0.3551285489710967,0.8739506331187934
0.3312228261676695,0.8902935640842833
0.30670861068295463,0.9059309083076847
0.2815131161180294,0.9207512499045737
0.25528300958939254,0.934832559373735
0.2279111092778554,0.9481613707123535
0.1992831900102694,0.9602863095902265
0.1695477869331281,0.9712551047027276
0.1385585109646439,0.9808226299932289
0.10647264625394681,0.9886644048357724
0.07324881073061174,0.9946387457401273
0.03766927779149565,0.9985829789822099
0.0,1.0000000087224092
