1.0,0.0
0.9905569310275415,0.020158976935581212
0.9808183495934797,0.03935070028093198
0.9702470748007714,0.05862061384054629
0.9605749711232427,0.0797099022639538
0.9506606328096266,0.09822085511737337
0.940039672323719,0.11632541445751499
0.9290680537685188,0.13843941468136056
0.9181305594516168,0.15816163151361087
0.9091583945722187,0.17742924084931438
0.8978538062986999,0.19819241964880172
0.8887249627852629,0.2174580537360223
0.8782729623733978,0.23170073390850124
0.8688788259671077,0.24504958578602054
0.859237786515173,0.26337235174946155
0.8493115454994057,0.2786698986814109
0.8393921310772621,0.29997670133753407
0.8288463639088292,0.31698771432206585
0.8171695035422697,0.3322340024804805
0.8046457899853804,0.35825122041720414
0.789452305833876,0.38374637661725314
0.7773781111707873,0.3956832722725391
0.766757053027601,0.41888753435726644
0.7525048352309383,0.4386667620649774
0.7452298921158622,0.46547914057451595
0.7255318457253228,0.48758762723292265
0.7012429385719813,0.520587150008918
0.6977926953172584,0.5375468121790051
0.6815856807821242,0.5504951866572722
0.6787635599539596,0.5631078095606382
0.6664858994423083,0.5767079117029924
0.651114079661367,0.5919717965191944
0.6242907238375868,0.6268864498041624
0.6068384329505443,0.6430375394889384
0.5978749759788144,0.6931087870024467
0.5924367275874334,0.7897784511053898
0.5789267294058652,0.806973493077678
0.5295972853882277,0.8284628108166263
0.44467688977583947,0.9290417562839098
0.42791916002219776,1.1996772835874512
0.42719019906079436,1.2414701695402202
0.4265225712818239,1.4843949980693942
0.4228741505020741,1.6176437961683254
0.41522236145496927,1.6373492292839384
0.38257521133672767,1.6518998307189634
0.3152731756736352,1.6649831392127918
0.09074886654430941,3.852615743929229
0.03897323637102959,4.058948193122142
0.01971773923738167,4.103150454276192
0.0,4.1053661764311755
