1.0,0.0
0.9866464987079313,0.02652869671759532
0.973184805370546,0.05291570792066929
0.9596202852510475,0.07913036971972093
0.9458761301014063,0.10535532173272193
0.93201625236371,0.13134828726385905
0.917998196069137,0.15728088361319933
0.9038416915352795,0.1830704230154737
0.8895543334688969,0.20869590594701054
0.8752077166161721,0.2340119957056266
0.8607508283626424,0.2591224493188492
0.8461480974685187,0.28403364208517384
0.831462883862256,0.3086696076126667
0.8166767645539103,0.3330390933208229
0.8017414491314799,0.35727138238798445
0.786692096066973,0.38111800034711923
0.7714100718427246,0.4049267063714894
0.7559459336731515,0.4285460531956739
0.7402727861269698,0.45202189950789545
0.7241586118742434,0.4755945678698915
0.707843271021987,0.4989581244305971
0.6912594263635088,0.5221605713474252
0.6742051958471577,0.5454494824083282
0.6570292473326163,0.5683127120133262
0.6394550273276401,0.5910996191553888
0.6216199258469959,0.6135944031136242
0.6034165068477567,0.6359453794064136
0.5848364831338653,0.6579664027099702
0.5658412676028216,0.6798246515275188
0.5465179741066952,0.7013234620319438
0.5267646643085037,0.7225190898229489
0.5064451038646123,0.7435137139196918
0.4857968623934488,0.7640133512228954
0.46435725988852894,0.7843723436864658
0.44243015793001483,0.8042603216636427
0.4197107041328586,0.8238442768792419
0.3961375081126428,0.8430754658283687
0.37226826211585035,0.8614164798052073
0.3471551318092564,0.8794947201770339
0.3212735474698929,0.8967836614932925
0.2944351598176729,0.9133083660279571
0.2666911065943699,0.9288855316823846
0.2379342728017756,0.9433875971874738
0.20815864769613823,0.9566703049545798
0.17738353449235644,0.968535802187889
0.14516208018588916,0.9789281986913927
0.11178140844173778,0.9875052015011524
0.07684664897046689,0.9940947000768422
0.039605907851930966,0.9984316977060121
0.0,1.0
