1.0,0.0
0.9953220102529478,0.009360997560057734
0.9907576559777357,0.018531990381517954
0.9859914765056946,0.02831613603717179
0.9811111588437402,0.038668009703933644
0.9761854449561936,0.048481287094836616
0.97104189917743,0.058075622588507854
0.9660536322819241,0.06783386636448377
0.9611116676024551,0.07697498500145615
0.9560867181960867,0.08738967741894983
0.9511297471609647,0.0966642310744078
0.946276228566033,0.10643948694520042
0.9412425822284963,0.11682537872754412
0.9357290991368059,0.12765332658542147
0.930722884321774,0.13659583630500763
0.9247566508156047,0.14584957973432572
0.9221359530214206,0.15524878408621604
0.9165493293284512,0.16653936177843903
0.9107264996775103,0.17103320658558102
0.905513991382087,0.18004529470741368
0.9019993484167463,0.19152717546888323
0.8977957449104599,0.2013865250478393
0.8949648960102775,0.21137279546640628
0.8874788781162236,0.21671713806667092
0.879672389223876,0.22930885387461117
0.8779758181537624,0.2347615002860998
0.8723513693578315,0.25009927951538513
0.8634295628278568,0.2598553512295231
0.861912742425484,0.2654148465308925
0.8517370943084178,0.2806324224164664
0.8494552914981676,0.2947836050238644
0.841961094552719,0.31367323611574843
0.8314184686468004,0.32080156249178876
0.8217251235116408,0.33296695378000035
0.8122741406394819,0.35479361943265586
0.8077471497016545,0.377469838321191
0.8066054627722385,0.3944484023125643
0.7993428226091093,0.3971003400394192
0.7978226695229897,0.41283104816876703
0.7805203653801969,0.4420887694784713
0.7539916753171811,0.4472494165863131
0.7433985036046955,0.5110657436682943
0.7219832311149517,0.5717820145368445
0.7072253976460338,0.6037026223603092
0.7047805204081458,0.6593515243263817
0.6991126451648207,0.7031800097967976
0.6955763999842037,1.0480650669116223
0.2708228065314686,1.8762619233050517
0.19243099070126335,1.9263770501623865
0.0,2.0319510296392393
