1.0,0.0
0.9933129914280195,0.015461281726236939
0.985773585297235,0.028474107064724766
0.9797242361327014,0.04036348026136282
0.9744332626282748,0.053175489008154476
0.9681580725170139,0.06409903133127667
0.960734022358466,0.07947812553958192
0.952528712236532,0.09883343568140601
0.9468323790659227,0.10471040783819123
0.9390955488392109,0.11954122507391676
0.9320951068790858,0.13198771194867964
0.927566612184579,0.14496657272194996
0.9199728550416567,0.15623043643336956
0.9134484134171156,0.16964786578388083
0.9061108327510263,0.1884695918987705
0.8964485058589401,0.2032573138519969
0.8895178562656395,0.2105758244513708
0.8812538596184059,0.2310066158607287
0.8727094563305258,0.2471640781308394
0.8644107613602682,0.2598623067960989
0.858740425384436,0.2800178734050898
0.8487715832397914,0.28525673388324574
0.8437038119359295,0.3009260726153605
0.83934378542888,0.31677665298034763
0.8322740005116487,0.33136146527981025
0.8184406534702509,0.3423991929080808
0.8101214525247419,0.3666767088296678
0.796696763495041,0.3777770746679555
0.7875540578975161,0.39745327957405
0.7800315430589404,0.41451423531350323
0.775446517302667,0.4336079673769607
0.7611250150501352,0.4464206587772995
0.7376813544443348,0.5072390317086239
0.7271687289083381,0.54041895238434
0.712150086637641,0.5468522741726288
0.6927136544145458,0.6449079307212435
0.684635948943364,0.6773585007738507
0.6770929009196516,0.7484358435520219
0.6701290199234285,0.766067122702018
0.6470774095088494,0.7889113865608325
0.6454552523023203,0.8237247869017786
0.6123246978215926,0.8478958174514465
0.6066338108213765,0.9797264744522933
0.6021177709452628,1.0397029032170457
0.6002835222721569,1.1219317984764157
0.5283377508447398,1.1655375942397457
0.5056610446487113,1.3888185553556773
0.03639878130056435,3.7782981509122844
0.031206447068316472,3.903083357738701
0.0,3.9628703320568572
