1.0,1.4590045570227082E-7
0.9871458670953868,0.025577743835462283
0.9741867603285322,0.050996894773538075
0.9610811381394413,0.07633069245212963
0.9477715927869323,0.10173300012459738
0.9343012371917818,0.12710539816161104
0.920628533945385,0.1524555862753176
0.9068336401650707,0.17765623119147228
0.8929345211237346,0.20267912916390213
0.8789200005029598,0.22750176225428081
0.8647534186166753,0.25221685993132936
0.8505384977555517,0.2766723169920164
0.8361826104778743,0.3008048837552499
0.8218968646817026,0.3244959482777359
0.8074417917782828,0.34806783207726305
0.7928699176406792,0.37139609491356446
0.7782322501610652,0.394391276984186
0.7633717091927362,0.41727361187895984
0.7484095656292123,0.439931112273859
0.7331851969306091,0.46247338481010786
0.7177728665615537,0.48480395091911327
0.701923741283393,0.50731429168289
0.6858606040550339,0.5296427980059899
0.6694652419364008,0.5518524400083741
0.652634391726129,0.5740910005044509
0.6356834837184551,0.5959536624703686
0.6182708873175805,0.6178131292911111
0.6006559997947071,0.6393130611440314
0.5823934768726601,0.660847945582233
0.5634926054708636,0.6825040420162483
0.544214035400362,0.7039351353625224
0.5245002178913529,0.7249522661263443
0.5042324411219122,0.7457825336479257
0.48320679237274217,0.7666071080817654
0.4613257085027561,0.7872146126862987
0.4388648963361115,0.8074099109419068
0.4161586070331127,0.8268281496164568
0.39231249736233553,0.8461216792411181
0.3678286557795676,0.8647237592963161
0.3425536234725238,0.8827361138713576
0.316274212827645,0.9000282337374849
0.28927622862864333,0.9163242590478696
0.26129006044362824,0.9318323159040257
0.23253813848432425,0.9461362939720901
0.20162924155604953,0.9593931987098615
0.16807502366818072,0.9717862351640755
0.1328519364787215,0.9823608357916856
0.09223273462748471,0.9915520320683489
0.049928242385680055,0.9976655761202384
0.0,1.0000011302321175
