1.0,7.907880564046822E-7
0.9960927098922262,0.00973793774185796
0.991728744509825,0.017925245252330056
0.9871542299409304,0.025942740097169962
0.982976587485954,0.035602774777620534
0.9778734466965894,0.044580361461444395
0.9731223130459212,0.053607057865121426
0.9680346535849012,0.06346304003870372
0.963101027215196,0.07419039969520926
0.9576313557950988,0.08391304231846075
0.9526702374130658,0.09386979664098967
0.9472032220177212,0.10320729643074268
0.9423627995263171,0.11476842497457042
0.9377942122379475,0.12194830246023189
0.9343868977111187,0.1317986601556701
0.9296464328655527,0.14374904802281335
0.9245617255862926,0.1497917976810146
0.9187656635121555,0.1584011953283506
0.9145585070707801,0.1693111777493861
0.9085374685708625,0.18024811370139684
0.9014386620816548,0.19068613392407316
0.8946711729117365,0.20271550027861396
0.8881727856630341,0.21330854578784378
0.8811006951372917,0.22621150639133264
0.8755748778979138,0.2388976826789351
0.8663497177566368,0.25330543002602446
0.8633074625735085,0.27106170241073263
0.8546103941388797,0.2780834140136238
0.8532459809062806,0.2928116002620582
0.8467422277810122,0.30007390719090404
0.8330098419462312,0.3117725393221111
0.8292017504655123,0.3205108785161592
0.8256656470597085,0.3309127695775116
0.8119115324446442,0.34501527974285773
0.79760202098252,0.3775401278468925
0.7902200961906357,0.3946471559195731
0.7733071775455062,0.45660708796209487
0.7701602813863878,0.48984947003977436
0.7641269092006918,0.526597685369356
0.7447483066519724,0.5374165348169982
0.7380250286168301,0.5595003393751526
0.7328199889065836,0.6061552490114227
0.727641774246999,0.6280205517088273
0.7182466086729302,0.6768980539968258
0.681033549875304,0.7172710304213312
0.6625332460975641,0.7443414549207399
0.42801940735725036,1.865031337248938
0.35384002768888684,1.985252895367981
0.17903226000698094,2.0708927828011454
0.0,2.086685139192414
