1.0,0.0
0.9863014320944701,0.027218297164798837
0.9725524913495961,0.05414218718302386
0.9587270764095506,0.08084798420614789
0.9447598404271846,0.10743006827321061
0.9306861048284797,0.13382445731758902
0.9165039377773089,0.1600206575366227
0.9022154099186194,0.18601051621230455
0.887748306861351,0.2119033514942691
0.8731223946906466,0.23765787358052418
0.8582412803530276,0.26342632024581847
0.8432531468388138,0.28892640946953807
0.8279798326777342,0.3144497703431046
0.8124897331619124,0.3398609655212109
0.7967420308921186,0.36520249681696304
0.7807743711191725,0.3903919762652204
0.7645541652040507,0.41545721119652557
0.748076888085119,0.44038221474146083
0.7313766978917293,0.4650952509972615
0.7144625012487791,0.4895448635635926
0.6972856979693443,0.5137950464437248
0.6799344373637859,0.5376940990084549
0.6623105498647461,0.5614039548889594
0.6444576953876919,0.584679237737097
0.6263521985469734,0.6076832360196123
0.6079537079061439,0.6303926610125701
0.5894293198589778,0.6525733138635855
0.570508805584877,0.6745243831229828
0.5513642308342727,0.6960050390532996
0.5320097985724549,0.7169656738644169
0.5123804580333883,0.7374665792292684
0.49246263740653806,0.757480626919112
0.47219635621464584,0.7770374424148474
0.4515773392300346,0.7960823616393911
0.4304643421746399,0.8147005578414114
0.40883453464836805,0.8328546432427427
0.3866982693747305,0.8504649439193829
0.36391965341923965,0.8675645366567528
0.34048648411826277,0.8840697577227553
0.31636953589792655,0.8999279044169494
0.29141543702637884,0.9150770738404238
0.26547815459054613,0.9295214071989916
0.23826596574728787,0.9432294460575807
0.20955050021370203,0.9560890122420277
0.1792959246118594,0.967853102906021
0.14809065795941034,0.978069404316236
0.11447046020169238,0.9868966265713738
0.07922076971871361,0.9937247097763197
0.04113849508883183,0.9983077553780223
0.0,1.0
