1.0,0.0
0.9861890057718619,0.027434223905244623
0.9722271720007167,0.054778323704792645
0.9582258574367585,0.08180375052725428
0.9441884942686735,0.10851062206137278
0.930184833199196,0.1347572254529304
0.9160967480390884,0.16076833207926516
0.9020189599923951,0.186365795558459
0.8876307867746485,0.21211181327389542
0.8733968439771251,0.23717808353216283
0.8590239241056179,0.2620783047812584
0.8447194595270837,0.28644930194924023
0.830394187759103,0.31044564541029374
0.8160135958658377,0.33412195268415373
0.8014444345646561,0.35768697510538144
0.7867532426897513,0.38102376121165116
0.7718808000314191,0.4042033182290555
0.7567918699021984,0.4272675054677494
0.7415214274034811,0.4501463079835237
0.7260857575805717,0.47280191153778134
0.7103976605889935,0.49533561599192827
0.6944379829568346,0.5177640552904533
0.6778284179452939,0.5405521704816019
0.6610156388670905,0.5630585918281126
0.643923405107958,0.585362730962914
0.6265812409590834,0.6073964762969727
0.6088841149170549,0.6292604461899763
0.590729289318477,0.6510392777480816
0.5724047799991541,0.6723528820218236
0.5536007253299802,0.6935277650466429
0.5344656047357588,0.714346655006449
0.5147901806723814,0.7349911173567025
0.4947330641495744,0.755239909841201
0.47401366102381337,0.7753165554382018
0.4528509995297435,0.7949275318369222
0.43073600755180597,0.8144665535609039
0.40826522903182205,0.8333201644985588
0.38496371937818097,0.851803228737897
0.36080500793703507,0.8698200100024452
0.33551522046893734,0.8874298255753998
0.30971106849668867,0.9040792460570035
0.28251940032556927,0.9201828533481966
0.253808709967555,0.9355814210493731
0.22359445171571762,0.9500055784259928
0.19209849554066638,0.963098397090318
0.1587771841685846,0.9747905002845781
0.12337240232660918,0.9847800069632627
0.0854557322489814,0.9926981432279783
0.044626558566815855,0.9980085548775677
0.0,1.000000000201559
