1.0,0.0
0.9864014547282794,0.02701228997870876
0.972719155668014,0.053818604037459625
0.9589848576529123,0.08034956270644673
0.9451838987122303,0.10662780870822008
0.9311460487188412,0.13296712959472146
0.9170473294406714,0.15902513128295856
0.9027491559738399,0.18504652465983115
0.8883394256701217,0.21085499958662077
0.8736974375470438,0.2366543505430922
0.8588844188037268,0.2623180685953732
0.8438542608336093,0.28791045571779367
0.8286406188564821,0.3133567034814289
0.8132073584459927,0.33870248561476046
0.7977491538019554,0.3635967052095271
0.7821829418368788,0.38819123856276877
0.7664638350088953,0.4125333838596547
0.7506674014797696,0.4364985025940703
0.7347575098982546,0.4601319573390401
0.7185847766541309,0.4836362026936515
0.702300592798899,0.5067738868331101
0.685770088013355,0.529719619245958
0.6690235107077674,0.5524083734766815
0.6520892783969334,0.5747800762565181
0.6347110418067805,0.5971422600125321
0.6170563563870798,0.6192426079174466
0.5990925208878393,0.6411034775947708
0.5806555762859835,0.6628391202120286
0.5619698107238164,0.6841904813055729
0.5428793868701289,0.7052821797206268
0.5234441968031839,0.7260103901154161
0.5036264274677046,0.7463605142043618
0.4833589423825477,0.7663646156285885
0.46256879937040446,0.7860310314792853
0.44118173074707256,0.805359191456454
0.41926844022458964,0.8242143134696595
0.39658047436449223,0.8427242558448261
0.3733820466021094,0.8605859848126295
0.34934069954439984,0.8779622386735138
0.32444936079835673,0.8947334609358593
0.29824071752968034,0.9110525085005073
0.2716946448268406,0.9261824208449007
0.24406491365841054,0.9404324007147912
0.21461075793228762,0.9539423404449063
0.1838792082147207,0.9661896698815772
0.15167823467080388,0.9769945627058421
0.11738693032448688,0.9862205985160615
0.08105191476117019,0.9934306469037566
0.042267719158998074,0.9982136287656247
0.0,1.0
