1.0,0.0
0.9861027276217137,0.027601867682303854
0.9721234794795673,0.054976369077573126
0.9580172981008159,0.082211924689526
0.9438281895113672,0.10919002597876759
0.9296137045903982,0.1358202444668604
0.9152726151843531,0.16227969376871018
0.900878370901013,0.1884301425636762
0.8863790629431944,0.21433567656448266
0.8717015564485014,0.24013707957575683
0.8570004933773869,0.26555034483408363
0.8422485314780901,0.29062298561737454
0.8273369499673651,0.3155155322315556
0.81243166194743,0.33995612939425257
0.797470207686217,0.3640418557016944
0.7825665602532956,0.3875897021638154
0.7674775192417177,0.41097996304330436
0.752143611106918,0.43428033788063314
0.7367712317513071,0.45717149818979796
0.7211776471804954,0.47990474251233184
0.7051536617941521,0.5027595636047795
0.6888942252386278,0.5254248982291236
0.6723248337012484,0.5479812040404335
0.6555225288657296,0.5702903478269199
0.6383910585839346,0.5924622835500083
0.6210184174095081,0.6143774950097481
0.6032872493934429,0.6360583964068222
0.5853535962560465,0.6573612330767965
0.5671575004136677,0.6783417346194204
0.5486745106161334,0.6989572875733188
0.5298754823958549,0.7192328086163973
0.510753059321316,0.7391322072404775
0.49102697523704386,0.7588932476632999
0.4707854742913472,0.7783610442133811
0.45005369214558166,0.7974524830993811
0.42851980723218996,0.8163727055506989
0.4061417830165107,0.8350488593890596
0.3829606013162391,0.8533423119160776
0.3593803829834919,0.8708464629853487
0.3346512180611434,0.8880095222818423
0.30898376616410383,0.9045339887039061
0.2822090681046648,0.920358362442015
0.25394988803244467,0.9355106876312183
0.2248803672061505,0.9494289352024555
0.19329212118506078,0.9626381671268442
0.1596145865695674,0.9745234623523263
0.12390808686986032,0.9846481389902654
0.0861866038869491,0.9925768027901735
0.04481991209180469,0.9979954315231115
0.0,1.0
