1.0,0.0
0.9942060377493851,0.011591627856493526
0.9889746707197337,0.022538911479022393
0.9837013676846114,0.03476706879670242
0.9782869305367821,0.043449541151446835
0.9734582739175348,0.0539208249279324
0.9683355973432988,0.06287953370800473
0.9637061033008831,0.07554407968197353
0.9568811580414976,0.08634065242226507
0.9524235495479058,0.09675741044953863
0.9469842724164984,0.10888270442235698
0.9408032226039358,0.11948543761902784
0.9344205727156575,0.1315937992852649
0.9244385912509945,0.1494195232177961
0.9188373765307116,0.16224268210053874
0.9139368050301175,0.17444704269818723
0.9064466449891875,0.1814532055557323
0.904367182360138,0.19750117272026702
0.8959441869348318,0.19796031720051246
0.8900932600870473,0.2135058532714168
0.8856813782599977,0.23339740950169455
0.8774506545327256,0.23605209693041018
0.8753525931586683,0.25857917736177166
0.8676506119329627,0.26222546883587383
0.8625415620951982,0.28211759806181996
0.84700524638466,0.28471652689503524
0.8456883763506993,0.29991372912441666
0.8358313891313058,0.32842452386915244
0.8253175232038369,0.3428370082394358
0.8177753245421886,0.3521863940552597
0.8115053088247577,0.3824648998995675
0.801803843846658,0.3944989582448488
0.7883110997463274,0.4123794454172113
0.7849384323545482,0.41272869412850044
0.7844890028053497,0.536052447422774
0.7747537821405971,0.544716096924276
0.7511427489072148,0.5610787633469582
0.7413487693893699,0.6057636810856795
0.7078563447352116,0.6373418590789949
0.7039178188357765,0.7943798597520791
0.6982202279679617,0.8076836361892091
0.6943297800212249,0.8733922171326405
0.6668764113044885,2.2499066239702827
0.47255659718593207,2.5329749284878424
0.4208168462676266,2.6567650132546254
0.18532051106151762,2.703266859489423
0.11804377156405528,2.748144971973674
0.03461871747022236,2.750970302424963
0.021298596222793398,2.8194639615988515
0.0,2.9127767853147546
