1.0,0.0
0.9869241453153188,0.025980779371234126
0.9737052434492142,0.05189897686943241
0.9603465039157216,0.07773493590876843
0.9468510887825529,0.10347708238033507
0.9331248528682731,0.1292783639449402
0.9193299571808569,0.15483327873689776
0.9053253086691904,0.18038799664810448
0.891260273782737,0.20565516416595025
0.8772016993099556,0.23051936941580797
0.8629246829425178,0.25536240160039064
0.8486671012911242,0.2797643708734191
0.8340964623839217,0.3042836911104779
0.8195637162206615,0.3283186102496975
0.8048856734030945,0.35215928486509085
0.79011972715207,0.3757109151036005
0.7752001317460304,0.39906667834945564
0.7601369523135632,0.42219195840233187
0.7448029078534065,0.445268673097983
0.7292496268929647,0.46819503271191165
0.713482784317306,0.49094244926351804
0.6974625281900136,0.5135461862105969
0.6811054225815913,0.5360954681820741
0.6643776339354996,0.5586050652786171
0.6473921435428462,0.5808835600479905
0.6300688972777807,0.6030137135943222
0.6123638727243189,0.6250107128983239
0.5943944261889674,0.6466953283721508
0.5759822609500871,0.6682455987476569
0.5572175115656173,0.6895086584382967
0.5381758187125935,0.7103669196635112
0.5187328668711145,0.7309167832349062
0.49886510989752625,0.7511338744792749
0.4785617284709104,0.7709793462869131
0.4577918553618874,0.790427131228486
0.4365979588901385,0.8093822462016187
0.41488853668162323,0.8278677710162816
0.39236572890198496,0.8460508737984174
0.3694306286616046,0.8635227004089286
0.345238137137619,0.8808106719800671
0.3200848061279379,0.8975472226327956
0.29319356112391626,0.9140376048491248
0.2651710108512978,0.9296843846144692
0.2346457374013452,0.9449436070464511
0.20252036242023308,0.9589855353866004
0.1685643967530449,0.9715863674073038
0.1310718678894598,0.9828202695109804
0.09160048647488284,0.9916123362259883
0.04786127873304902,0.9977117954182462
0.0,1.0000000163377314
