1.0,0.0
0.9858003275012394,0.02819782807396747
0.9715422678347072,0.056105919992005586
0.9571296272471569,0.08390330669476576
0.9428146743352726,0.1111008378039137
0.9282464885091306,0.13835881717692655
0.9136195126962983,0.165299452290048
0.899118865378124,0.19158527567572883
0.8847004337506641,0.21730516793754479
0.8699666786899537,0.2431581833577335
0.8552065528877009,0.2686221115963771
0.8405045623216862,0.29355278803505874
0.8260267955208815,0.31768028973237517
0.8114533769338612,0.34154413850957177
0.7967930218893111,0.36512114916572425
0.7823346657343057,0.3879527419143603
0.7679236475285358,0.4102933073100438
0.7532612331129528,0.43259764021771635
0.7385374050874344,0.45456260189580205
0.723509613487523,0.4765356615614366
0.7081426687208325,0.4985340180468545
0.6926889811794626,0.5201821453512618
0.6767152313833229,0.5420581135630245
0.660581730348669,0.5636325361832014
0.6440134769793049,0.5852470254674947
0.6268470622269832,0.6070633425169193
0.6095077924813557,0.6285008892107179
0.5914534723992166,0.6501829018105303
0.5728742181567086,0.6718153534141784
0.5540246939530696,0.6930566774005957
0.5346261005184271,0.7141754392514457
0.5146216298897318,0.735164673575842
0.49412841211528813,0.7558372092161173
0.47317104265709514,0.7761092022759102
0.4516572950324734,0.796005712610839
0.42952176446208723,0.8155111347842682
0.4065037495344851,0.8347547155080959
0.38294689243695423,0.8533533240960925
0.35854862158013534,0.8714429184786765
0.33342733911713623,0.8888272000045422
0.3070567768802164,0.9057167085637935
0.28000636443792026,0.9215964431907978
0.2516088475811836,0.9366930938955382
0.22212784891976167,0.9506597609228763
0.19085387834939782,0.9635748929503428
0.1575373581112336,0.9751824878095311
0.12262977245395379,0.9849624305399793
0.08486568126890981,0.9927981484707873
0.0441763511659492,0.9980490775941926
0.0,1.0
