1.0,1.2988368891239102E-7
0.9872213409189387,0.025395817771651445
0.9742935817564963,0.05075442647846176
0.9612633650917695,0.0759769191671799
0.948219221482042,0.10088527047829993
0.935151994525365,0.12550298259508638
0.9219009979414557,0.15009890994420796
0.9085236602278246,0.17458728799783277
0.8951826614000623,0.19864858174435532
0.8817606010531667,0.2225014042032764
0.8681462012333043,0.24633291129745782
0.8544031191924258,0.270017784097775
0.8403654574175567,0.2937973061332017
0.826218975487286,0.31736697830701366
0.8118093753139819,0.34096766397176126
0.7971198294274394,0.3646019977090779
0.7822292469443147,0.38811892684076726
0.7671544653348813,0.41147650600179325
0.7517952015419637,0.434811423296228
0.7361336410474288,0.4581085548406922
0.7201301851429639,0.4814223370829648
0.703804248203737,0.504677299110832
0.6872444048012669,0.5276958937280353
0.6701753898742075,0.5508671117123881
0.6528705850383949,0.5737684071225916
0.6353561121901995,0.5963280038683936
0.6173314436379811,0.6189128537193807
0.5990256030354977,0.6411748537526661
0.5801826605453846,0.6633897521230073
0.5609587709412283,0.6853270116227487
0.5412409714208739,0.7070834648756446
0.5211382199468053,0.7284188428262932
0.5005088699479308,0.7494932022557933
0.47942478963449553,0.7701583736413794
0.4578551423889612,0.7903739187206643
0.4358480699903997,0.8100392693619234
0.4133752299975618,0.8291397887783646
0.39042557708849546,0.8475792606024288
0.3663172964656489,0.8658439415848774
0.34145238591009375,0.883442935848914
0.31582063214267675,0.9002599642712159
0.28890566871462586,0.9165518158251758
0.2610403261519948,0.9318590279673472
0.2311642193175657,0.9465692540360267
0.19995692869458392,0.9600250622702066
0.16588564968928965,0.972501698622769
0.1289872055697847,0.9833668951728942
0.08954791974148868,0.9920401378142201
0.04651912081890719,0.9978443105082333
0.0,1.000000689570363
