0.8527092145695776,-0.7680210105970016
0.8445233714744423,-0.7444568562060472
0.8405088020375888,-0.7116592794762026
0.8371878748950656,-0.6782159078855796
0.83437215225183,-0.64142110287066
0.8317746325867711,-0.6045125621317381
0.82939517270663,-0.5665479830425245
0.8272863599596192,-0.528073829078126
0.8254202062074477,-0.48996586680149895
0.8234679866731113,-0.4545785294600747
0.6514968733244936,-0.4524285050032471
0.6427203156178272,-0.4197544622340202
0.6375961116158214,-0.3805331915390713
0.6335363353118562,-0.33983300262165
0.6300605722798833,-0.2958534551693824
0.6267978196083763,-0.2520248862033462
0.6241376701239774,-0.20848669684924195
0.6211897467725398,-0.16365597109902702
0.6187230554315069,-0.11820871691683549
0.45647081928264444,-0.11670866868900286
0.44271500371988415,-0.08737465727073371
0.43772750066850463,-0.056555624929431676
0.4327616929264658,-0.019920194349751733
0.4284536979990705,0.021397612554111878
0.42439432163799695,0.06390618434298793
0.4210774733792684,0.10635699776032617
0.4173684595291396,0.14882151120158923
0.4134625310315342,0.196742725654824
0.4097710005935012,0.24646948628236312
0.2608999989525652,0.2517179477508827
0.24562721786480762,0.27344867519925947
0.23710961114290685,0.30393917787529506
0.23185993791720771,0.3377477340166837
0.22534789454265491,0.37794983747360994
0.21885711559534848,0.41926697448024847
0.2140003834588209,0.4588849327452868
0.2081728554889386,0.5052318018020158
0.20142471822687413,0.5603785239257066
0.19706800750871667,0.596687193539074
0.19180120876781692,0.6319420306495405
0.18424399843328154,0.6714477768632726
0.09201843296948764,0.6830512412739355
0.08933386288388123,0.6874582141434078
0.0696188913825061,0.6959986871279502
0.048923739668957356,0.7410773883939512
0.04165883441830187,0.7695946201475228
0.03726383379281051,0.7876971474181098
0.027204636155548356,0.8381249225030011
0.01834334311252306,0.8710626067156332
0.0,1.017311158727257
