0.8518432747267062,-0.7667694642351084
0.8435113162287047,-0.7366582707935199
0.8392514769350754,-0.6992720810195238
0.8356968543038392,-0.660188037189623
0.8328568492377264,-0.6198779042549167
0.8303459300208341,-0.5811812760449749
0.8281056982009292,-0.5398165243412214
0.825535915798209,-0.4955936805828634
0.8233250798293117,-0.4505908951952454
0.6517240315621691,-0.45019438153921904
0.6434058676451,-0.4239724061502982
0.6395381809456482,-0.38986134349831575
0.6353141350680094,-0.3542000238315113
0.6317045702159422,-0.3169008931882162
0.6285858152440741,-0.2781341471343628
0.6259536558122312,-0.23891893755780635
0.623586732755721,-0.1976338335524294
0.6209472962654135,-0.15794454641817018
0.6186431315912154,-0.11752850095256413
0.45291434862270796,-0.11647813458082627
0.4440390990674763,-0.09135084998147723
0.4377081763246452,-0.05251532926082282
0.43251913499614913,-0.018728345515164103
0.4289013423044975,0.022518121566009085
0.4246348355355397,0.05940877415736708
0.42115848019631574,0.10200502932744175
0.41763432293886765,0.14805745250801858
0.41370773630845226,0.19777962877992095
0.4098834573056761,0.2435632256482205
0.2574883073182055,0.25245499589235304
0.2448647903663046,0.2811110035708735
0.23610532581180999,0.3131693375132176
0.23076841700186745,0.35663455917034154
0.22154869758245965,0.4037589712151061
0.21659281822633525,0.44376090651311073
0.2118176738935813,0.48173958630327396
0.20613027687021568,0.5234586169713088
0.20312485133730696,0.56747898358042
0.1967334215965083,0.6050758416633327
0.18878450679107228,0.6465792014845275
0.18648195628394715,0.6631356185644788
0.08373910276628571,0.6864373134728116
0.07155203175576341,0.6992783597331377
0.05752045037317721,0.7402540396473316
0.04595625950644311,0.775085934589185
0.026737162257090996,0.836218349472822
0.021464010917485288,0.8808732450521415
0.010792109852100107,0.9261175499488551
0.005834014738797855,0.9613559449048993
0.0,1.0206278902547132
