0.8515541318679152,-0.7645245345758406
0.843739040696403,-0.7310416453045518
0.8386928881389875,-0.6903136930744195
0.8348334591035778,-0.6429797465272394
0.8316927285286073,-0.5945726263063518
0.8287412573144332,-0.5475803475075326
0.826068206116154,-0.4982911135305187
0.8248666118355457,-0.4769857856659267
0.6521418114160746,-0.44980871987530047
0.6432292264844917,-0.4171951684016034
0.6377827934837097,-0.3799907048644659
0.633896057885436,-0.3363725512540255
0.6304592321304363,-0.29261180582734136
0.6270909352075333,-0.24999069907498103
0.6241079710964863,-0.20703905568095737
0.6215060245582156,-0.1643394424963963
0.6184392964526155,-0.11276674434751412
0.4555158274952192,-0.11274028688455685
0.4429460211493475,-0.0851419748086903
0.43675307629889526,-0.048156690374012
0.4319877045436523,-0.005255454978448664
0.42727405340378055,0.03518431497308181
0.42255810290941864,0.08459400345395308
0.4191730468395323,0.12781213276676942
0.4156300840406233,0.1749502700454525
0.4127490363601901,0.21011042959943513
0.4096817163621074,0.24752732668790395
0.25424393943055723,0.25336454809977116
0.24204736373425395,0.2918701130094337
0.23307355854981415,0.3287362420303823
0.2272255893334474,0.36282758741783294
0.2222459222376324,0.4043639812952002
0.21605057560215735,0.4406581508321382
0.21110125237731736,0.4840832320568197
0.2058477300709317,0.5219475641764927
0.20064735528220257,0.5644464840283894
0.19562490275706573,0.6020897681345214
0.18976049998778854,0.6405762054133568
0.18358456101098497,0.680099381627309
0.07948226615623377,0.6832593412835692
0.06482737171701092,0.7027180434866434
0.05562671261001395,0.7264863889867602
0.04560758360687023,0.7528210852072992
0.038643439658064604,0.7903981786189526
0.029152513462727736,0.8246540614963017
0.023553118933406836,0.8613826576527011
0.014989902417594458,0.8899306504304633
0.008833693938351983,0.927449082487988
0.0029181440508050382,0.9655339393163985
0.0,1.0124948398592637
