0.8523416624636304,-0.772780512228879
0.846154882405646,-0.7591333885216283
0.8424738564923592,-0.7351006797790682
0.839239316884816,-0.706230549801589
0.8366104203770437,-0.6747518937797411
0.8340210949764888,-0.6436021601542194
0.8317034761041756,-0.6088734794155909
0.8296614702685698,-0.5709620773541663
0.8273148041390612,-0.5343922232965332
0.8254023899404569,-0.49529857195123866
0.823430863315856,-0.4581367766409894
0.6524853058341573,-0.4569184860087591
0.6461385774664151,-0.440044711343258
0.6415123268867153,-0.4128107222616781
0.6381367742907933,-0.38866724729332225
0.6350534072855858,-0.3603640971077586
0.6322561246796078,-0.329677974727017
0.6299276237708213,-0.2965536088235674
0.6274766623164083,-0.2658091017722473
0.6249463718424898,-0.22105892531909693
0.6242161164266731,-0.2192546850477381
0.621736512269758,-0.1779953982104879
0.6199196692320066,-0.1475262578698569
0.455056860844099,-0.11384053532731313
0.44687139193684844,-0.10577338960255801
0.4418067347404848,-0.08439119834362058
0.43769937768396694,-0.059739883461120115
0.43516412816723693,-0.0296212261685437
0.4306307299423,-0.0036118619637087027
0.42702406006137783,0.1059896803474259
0.4226429141159195,0.12947695782134214
0.4194425702597886,0.172319063189767
0.41477916311405505,0.18078337627566984
0.41182990558093757,0.23335299488714845
0.40866769077457177,0.26689091836109213
0.4054615420078549,0.31439493391059414
0.26945443797059054,0.3355607259198239
0.26889057191206267,0.4969307696907648
0.17307309849362806,0.8131716058809946
0.15410906294362614,3.36415190121197
0.07980055448957053,3.7592220527303506
0.040293774838437546,4.078520297049575
0.030103684267079055,4.196639194847124
0.024742942146967893,4.273326633935945
0.012554470486580082,4.3480463594260765
0.009403647687171508,4.39385950900129
0.007090731430080375,4.508563731949046
0.005466804222445118,4.551388230634571
0.004484586437051252,4.618686695251714
0.0,4.64357801311097
