0.8530190778559967,-0.7673137684864161
0.8434127861206918,-0.7328365942140056
0.8386986140781042,-0.6917263671379794
0.8354684012100877,-0.6542294947765147
0.8320353647920893,-0.6036398205168254
0.8288620616029637,-0.5526283287025273
0.8264192679448442,-0.5023347203700391
0.8237867524632768,-0.4540437733141321
0.6515057305438475,-0.4533377424485751
0.6424096947354541,-0.42203726208469344
0.6378035822509989,-0.3804252900708456
0.6334273224727938,-0.33647885001524963
0.6298212811316538,-0.28935347322453464
0.6264456138150931,-0.2438786791084706
0.6237691177333456,-0.20308954268856436
0.6214837987307917,-0.16395282272877423
0.6189096534725238,-0.12226845311648918
0.45250471300577566,-0.11529767402535741
0.4420482795460633,-0.07948047556610906
0.4347854576918178,-0.03693287881627585
0.4304585535394164,0.00799830067902566
0.4255059957524341,0.0530444099666913
0.421638513449334,0.10053318754434706
0.417254385039305,0.14690404568875942
0.4141436902794947,0.19012598816483348
0.41025768748545055,0.2384498995077343
0.25389913882502513,0.24915730261065
0.24432830057042154,0.2751833522723305
0.23742925308385165,0.3066550999548336
0.23095413477023352,0.3431012564088883
0.2250601030635029,0.37946772919686356
0.2199858805002024,0.41909153516935094
0.21446064757894734,0.45531862581605936
0.21063657282362735,0.4944155073761593
0.2050242339326648,0.5281357091347579
0.19993680724527607,0.5675461712987094
0.19376937349778367,0.6046947346075211
0.18925244414339093,0.6427077155317861
0.18562469851458363,0.675885661921068
0.08450985330032346,0.6778405187346275
0.06899471491715564,0.692370099458238
0.05741276425025643,0.7186180028809657
0.047159509926819165,0.7505637874398869
0.03874851557089798,0.7775572822474907
0.03141816216360149,0.8138049210289529
0.02335376820993995,0.8450241155751779
0.01593438848734624,0.8812220826058478
0.008936932726249402,0.9164171231030238
0.002565640390440771,0.956211825348032
0.0,1.006570949571416
