0.8517601968170502,-0.7730805394455232
0.844203954739921,-0.7458934796838196
0.8396738480450564,-0.7110736588744156
0.8369897046330412,-0.6778345371757273
0.834232447577209,-0.6433451153542833
0.8315324466691126,-0.6050110475031384
0.8295018095020922,-0.5691985724517082
0.8272510634146684,-0.5332818310968576
0.8253508787811846,-0.4960078573323893
0.8233001970423405,-0.4567376652262993
0.6514409615832832,-0.4566900746733992
0.6454539440914601,-0.4366519480321415
0.6416930624786998,-0.41635102928281587
0.6376072777944441,-0.3864961954995343
0.6344305616362915,-0.35508468629483936
0.6315221385974058,-0.3195667769777684
0.6286819142472897,-0.28417753890780934
0.626354975224531,-0.2503681177732493
0.6241618465557008,-0.21762331396850845
0.6204335198024283,-0.15804965370962235
0.61848366024148,-0.12340453449176822
0.4576137856723872,-0.11632577997961417
0.45092427377631794,-0.0957224573364614
0.44272156314546973,-0.08161010740188179
0.43940707176530225,-0.06337978779831287
0.4366986466553323,-0.02222061491853176
0.4300064956442744,0.03617205883959915
0.4208221143760885,0.13226637364663985
0.40886694651924793,0.2719701426391793
0.40191397485461267,0.3565627336958646
0.3916805555311198,0.5128784880520771
0.38866440783846046,0.5393054234174428
0.3103178973049314,0.5780399344662085
0.2804000037917834,1.255223026658462
0.24551018904640204,1.2974835102839832
0.23696228304883,1.3539407344275234
0.2299923239412543,1.48850951147415
0.22695177258297225,1.6440278486003257
0.2168543470352139,1.7508365580077567
0.1961145950999379,1.7688175680421527
0.18726364664490144,1.800700026978379
0.17584642180060112,1.8299449581816531
0.0766262233552075,1.837072850123578
0.07088180335525698,1.9383290785292964
0.06813466050517693,1.9636319675463922
0.06723653464090373,2.0777353869715105
0.06273770508006546,2.0926877946021523
0.06019895453566187,2.12751851479809
0.01903871092376458,2.158538839423003
0.0,2.3530535741699383
