0.851144609827301,-0.7673042202281812
0.8434337288983302,-0.7355913541957932
0.8393077216532081,-0.6965674706505894
0.8357019145339866,-0.6606464035241076
0.8327482239315611,-0.6179190206948417
0.8302675182682873,-0.57699698148354
0.8278671661913909,-0.5359804114533842
0.82616501911709,-0.508379777258819
0.8244561590577825,-0.46870433635386294
0.653852344483082,-0.45244284203355123
0.6438572499924373,-0.4250344879076981
0.6390247396530067,-0.3921308078468603
0.6351776845496648,-0.35746840162534066
0.6320705702744698,-0.3200543738085176
0.629071910646845,-0.2813116039608484
0.6262676299275115,-0.2412511288154834
0.6236115106167726,-0.20072012505349057
0.6209536039614331,-0.16052333660631482
0.6185260052575016,-0.11632345041996754
0.45414937829240976,-0.11545422204566615
0.44406721688318973,-0.08978112711067172
0.4380885159135002,-0.05705759649395017
0.4331806951423798,-0.020396406785380856
0.4290547755485291,0.021185614326377417
0.4246872063828233,0.06150192977020402
0.42100376746475077,0.10456490446347391
0.4175981285860536,0.15035854542179883
0.4135756128204715,0.1957802691942447
0.4094097603434874,0.2524681579512974
0.25651531605937083,0.2535503636935169
0.2448852428080487,0.2751975946848691
0.2346772982843104,0.319861974803072
0.22723806766412635,0.36296942178120556
0.22191192632114387,0.40919040757695246
0.2164867884463817,0.45019315339560834
0.21123316133342018,0.48400295226702145
0.20676407607002467,0.5159673465377566
0.20219664672985216,0.5554112166688311
0.19782352161925942,0.5813391784364728
0.190875134038323,0.6343464396397421
0.1887066434264123,0.6453126855952944
0.07702649094219138,0.6839563533139039
0.062091174353865686,0.7095216284057831
0.05228688033212825,0.7379387872918005
0.03884816861455853,0.7859674759789451
0.022740210507436798,0.8559694258979877
0.012560577323946776,0.9007337818655061
0.009881362602591315,0.9332602157103235
0.001379823869917196,0.9865793651032001
0.0,1.0171372195861894
