0.8518450766652732,-0.7703428764084559
0.8427200716373093,-0.735344691567327
0.8380572801998629,-0.689665855851309
0.834002262359966,-0.6412911136497319
0.8309009212870426,-0.591314291955934
0.8281570876356747,-0.5427642243915038
0.8256583008662921,-0.4997826410486952
0.8234202431600206,-0.45545144703155227
0.6536984595662798,-0.454805604288766
0.6432131902139606,-0.42699151703324945
0.6377722787045229,-0.38490996874568656
0.6335002448352103,-0.34361286248590883
0.6302068701659926,-0.2998898755339051
0.6272176406611498,-0.25793900146776005
0.6241211482941345,-0.21228069766512897
0.6215440308486999,-0.1710185804817714
0.6185864311970464,-0.12565511239030083
0.4536649063089808,-0.1199059016797429
0.4432043167616773,-0.09347025836547823
0.43757670381545977,-0.05616451434532961
0.431927785251624,-0.018002365337017018
0.4280468850087228,0.02494239553148128
0.423671482416621,0.06610781317620731
0.42014842162548294,0.10705953712504453
0.4167638911792006,0.15038573126274712
0.41300081987425463,0.19875879772918198
0.4098641629237472,0.24368553813984623
0.2597582959631283,0.24586126345690634
0.24732801650930825,0.2657033531722876
0.23854154749005202,0.29543953609377294
0.23226263397671326,0.3264167511929958
0.22665168938492486,0.36342596451297704
0.22072572657916495,0.4019986560061451
0.21600541374133442,0.439742291308784
0.2115773446053561,0.4766545123060117
0.2061459218614351,0.5162229113135431
0.20173190750646453,0.5474853087080914
0.19564921750278508,0.5967479379598238
0.1891272083584702,0.6342633674759334
0.1828687300991294,0.6730658619002741
0.07741896606954657,0.6742802092494004
0.06346790318203355,0.6981768474036095
0.05189297945647736,0.7252825784714236
0.04397060321368307,0.7588168716561317
0.033658091383712674,0.7959335952745613
0.023316167635510254,0.8329144974197475
0.01628832444289041,0.8729715240809495
0.008497809518690613,0.9108450510711071
0.002669181577270141,0.9584638320957681
0.0,1.0018515301562714
