0.8520517372035198,-0.7727227197669934
0.842822574520766,-0.7373445188468662
0.83824133231783,-0.6932270107395805
0.8343754947820828,-0.647541488080142
0.83122302723187,-0.6007375043257419
0.828392253997889,-0.5535455606663034
0.8258798057491694,-0.5070553928301323
0.823409738312789,-0.4576234523489991
0.652587540429749,-0.4569664232832992
0.6434019097844891,-0.4285594249588409
0.6381246450453402,-0.39164094901763946
0.6340314636367408,-0.3483043508604906
0.6303746957745449,-0.3068916321762433
0.6273033092927887,-0.2642161245235958
0.6242639845628454,-0.21724429581531562
0.6214689520116524,-0.1727021342258137
0.6184943379266924,-0.12309792078932923
0.45364369218792766,-0.12274680848419192
0.44211040744634095,-0.08960755105879012
0.4353052696699742,-0.047916771775518785
0.4300489691138251,-0.001111002589299851
0.4251813113236878,0.048396592716150134
0.4209828005727777,0.09512587140454326
0.41721404821042596,0.14288911649945074
0.41329702242273686,0.19214878660004184
0.40973089195120316,0.24303453087688673
0.25999786545796655,0.2436284426859272
0.24642137385464624,0.26228996374326163
0.23840113757673298,0.2932011698221377
0.2318953811957449,0.32539325170924255
0.22616404493744025,0.36205634855850044
0.22063314271773093,0.39901490562402564
0.21558330009588633,0.43781090623452673
0.21049688712285508,0.47540971793576425
0.2055967703791851,0.5139949734268364
0.20048052257565585,0.552188710316404
0.1953690101013591,0.5902144845900157
0.1893334870103751,0.630003874082331
0.18257645250137378,0.6693875771569784
0.08229887861068341,0.671232723868858
0.06516726655234217,0.6877387256914872
0.054823541252139396,0.7142717863576883
0.046525685598854616,0.7404047330070563
0.038965312791698126,0.7720318935417729
0.02958221695787644,0.8115380420480099
0.02237060411367664,0.8427147676684562
0.014944022581140137,0.8758686506796212
0.007863259479613083,0.9148671750448266
0.0025833592881873146,0.9510222929732125
0.0,1.0005595900721194
