0.852758792982853,-0.7696899718839667
0.8430544857378841,-0.7370072188955463
0.8384275088770308,-0.6945143012107917
0.8346153852434085,-0.6483344505690743
0.8316018194108431,-0.6014882991151143
0.8289701746858786,-0.5575356770050023
0.8264406521764723,-0.5128577779890441
0.8241195724050893,-0.47009216400021575
0.6523306134168217,-0.45571166199141006
0.6433572658789626,-0.42765530788137895
0.6382294492468285,-0.3911400452364859
0.6338747875726852,-0.3473056365783059
0.6301870439421285,-0.30070098443121274
0.6271109082722326,-0.25743757545398194
0.6240545728093496,-0.2135533611826324
0.6216442616319604,-0.1738396490713078
0.6187426508967213,-0.12387091037100768
0.45362151303294684,-0.12043652467127508
0.4445423851661889,-0.09894241487723132
0.43847661147385475,-0.06742883252180391
0.4336922341921473,-0.027636502776551754
0.42925120065701255,0.011845764151722827
0.4250191130085514,0.05491970650159997
0.42123202513394475,0.09502923702295983
0.4176829999661803,0.1435842162827567
0.41376466975096626,0.19175381561997856
0.4093796705145287,0.24440122947588117
0.2542174358191055,0.2480882690388361
0.2439351750524965,0.27487692489095034
0.23693725129186793,0.3080348391508283
0.230289553226126,0.3439353586173895
0.22424337267522054,0.38061125212069896
0.21934377507260105,0.4120714081840992
0.2141705259354713,0.4494812168929502
0.20911459356380546,0.4941931536650783
0.20316249017305993,0.5356586642344097
0.19701407688041425,0.5824512701864087
0.19044092425386364,0.6269774135548611
0.18293750314020282,0.6735382368349719
0.08534381788317336,0.6754675316767907
0.06470159820738797,0.6961942079900018
0.052088805780241665,0.7256414171657439
0.04255242691418337,0.7609210494136749
0.03342470115103868,0.7942232543608879
0.026413604467338314,0.8279936139606858
0.018672364176613554,0.8605023863260735
0.012524084958570159,0.8941783259310533
0.006226380901388384,0.9275327170900715
0.00263092507995466,0.9620363439116596
0.0,1.003777647697215
