0.8521946801800689,-0.7708696830334499
0.8451427319988104,-0.7515447746379951
0.8407541016352934,-0.7201145013111337
0.8375672768057396,-0.6862908104562566
0.834634178637796,-0.6503219340808696
0.8321801981069551,-0.6128261812566906
0.829769026772454,-0.5752998941386616
0.8277106407173235,-0.535766427530587
0.8252632613038384,-0.49353890883291174
0.8233482808288768,-0.45484925895537426
0.6515704293284995,-0.45424096449700335
0.6441659141505656,-0.4327832925319724
0.6400270025139138,-0.40302595981586625
0.6363257032399227,-0.37269071106057083
0.6330852549136992,-0.3361224423642498
0.6300793751511682,-0.30012946660052087
0.6272886142360092,-0.2638802645259952
0.6244738419056067,-0.21399722069438834
0.6215082098961412,-0.1718170605443599
0.6189511339883608,-0.12649906769708116
0.4546078727973387,-0.12148181880526701
0.44701739518488215,-0.11096735172166014
0.44106470224195904,-0.07932162864650749
0.4372167451926663,-0.04572831106128943
0.432191660983108,-0.01798235300815009
0.42972817628932114,0.0183455344886267
0.4255804873599704,0.05384295084205802
0.4219587923683432,0.0876001209418477
0.4194885736644134,0.1221065842008678
0.41633419135057204,0.1676114334225395
0.412091618952244,0.21673342388871283
0.25444652168495996,0.2531814649541873
0.2444715189778991,0.29145047241763605
0.23584605715837081,0.3389805276713297
0.2319322932181953,0.4196120032453706
0.2250670589171947,0.44047838066853573
0.21479447916561156,0.45309905058258115
0.2136121732521088,0.48599099177121735
0.20620056043737933,0.5241709372455123
0.20412858322705973,0.5793906024961841
0.20062296366212062,0.6487427927806508
0.18678722404985115,0.6754652718582459
0.18564984318757682,0.7389534265915271
0.16492054214933427,0.7631262921956209
0.08355591275801111,0.8034524889150243
0.04034575794679118,0.8703099898774233
0.03388823313795712,2.033740637942271
0.01108882240088041,2.146681522983017
6.729915857069529E-4,2.1754941918066453
0.0,2.4403120978773
