0.8520102098392556,-0.7636790582408117
0.8425199255642598,-0.7291867945558431
0.8384851795503186,-0.6859176927800107
0.8347435141818255,-0.6400358603788897
0.8315388651127299,-0.5954008546869366
0.8287138120460472,-0.5471989656966835
0.8259437248166414,-0.4982778720109227
0.8234352332266814,-0.4494471036421659
0.6534050299093669,-0.4475547089623383
0.6433930878088334,-0.41740749908300057
0.6379458236197452,-0.3789516011335503
0.633818431786841,-0.33927284595461554
0.6306281446741746,-0.29734441121830696
0.6272209575693222,-0.25474058249711234
0.6245157540061654,-0.21244878372976683
0.6215239596471336,-0.16443467928863403
0.6185327503364956,-0.11471047188083024
0.4523193328503501,-0.11391557504284057
0.4422856845373456,-0.08394728867310068
0.43640962317898435,-0.0412070742526405
0.4313504652814583,-6.795320702134617E-4
0.4268058530310805,0.04310838458824701
0.42288868852645956,0.08571126020979622
0.41933741335178,0.12762038755352875
0.41592214635622804,0.1659926056380998
0.41270648112010616,0.2098631754938318
0.40943079349717254,0.2537630408732382
0.2563607186712806,0.253869533174972
0.2430389316325453,0.27895090266736594
0.2372498686586998,0.31408730830672626
0.23029843663188754,0.34696070799024226
0.22500046753770453,0.3814514294242608
0.21901109667027174,0.4242445159977624
0.21302067179325845,0.4663482189932722
0.20781701081610604,0.5090119509678641
0.20187286089985246,0.5575505193067821
0.19609329031758027,0.6009773353977468
0.18969268402130957,0.6396330650766097
0.18304868373373995,0.6814717549673671
0.0823301681518992,0.6842004326641444
0.06653278255517425,0.7015565000025906
0.05473044186857501,0.72886199826859
0.04583180563802114,0.7583376778660266
0.03907605484729615,0.7961125745174338
0.030685223041730048,0.8211160248907468
0.022225103861716167,0.850110902486444
0.016537769819449655,0.8878152421484293
0.009245312909549108,0.9210068477538133
0.0026109009677688366,0.9632915329983768
0.0,1.0119787986745814
