1.0,1.810933552917264
0.9755770043537637,1.834737077338572
0.9512301453684984,1.8589525621288665
0.9269475997475417,1.883011933104266
0.9029400567076582,1.907352707118545
0.8789167292134497,1.9319526655745278
0.8549872758972885,1.9571214122829432
0.8309546248236537,1.9821598439815102
0.807120425479622,2.008166694438054
0.783049449235429,2.0337733669354274
0.7588558766076499,2.0605144197071477
0.7347606288197137,2.0876624991076937
0.7107213827723029,2.1148503120171376
0.6865915037684263,2.142747346367905
0.6625752279433745,2.171029503490303
0.638290470684679,2.20016528177147
0.6142606672625249,2.229606929581056
0.5905981516518873,2.259260266241306
0.5667090209519604,2.2895051869071454
0.5430096421058086,2.3204875741946442
0.5192551196226455,2.351834867588753
0.49569144651863467,2.3837893497630027
0.4723872786030209,2.416412787098878
0.44923058115712006,2.4492934873016288
0.4264198322839244,2.4827783861491888
0.40392153276149656,2.516541071931509
0.38166959705458753,2.55099430236567
0.35954310034368364,2.586265735552109
0.33775785898723515,2.6217152091683453
0.3161274670315515,2.658348545844681
0.2944690687405095,2.696237510799759
0.2732439240119724,2.734934243411218
0.2521755912175466,2.774555064426595
0.23174602246712517,2.8149670934033373
0.21158323712636318,2.856333837226875
0.19197943790285932,2.89847857028316
0.17289582583319352,2.9420370184638553
0.15423689802192353,2.986905276738224
0.1368137062080531,3.031339464724665
0.11973331094112638,3.0768478968140043
0.10301411642694824,3.1254472403945823
0.08697199795024724,3.176163570490843
0.0709937773236633,3.2308649933061835
0.05635211575990107,3.287189273910275
0.041895102615691626,3.3504394903752623
0.029026373593950716,3.4168454783497544
0.018596860406275617,3.48267514400639
0.009203634878848344,3.560995683288182
0.0032815162185535485,3.63571483034292
0.0,3.7465372621657025
