1.0,3.545508367377597
0.9759600503767814,3.5757027010383498
0.9518803330089872,3.6052063696712326
0.9280454493870747,3.635402238002432
0.9036919355907526,3.6669820302923894
0.8790184386862812,3.69859886901092
0.8551417824359631,3.729958680075213
0.8308055596172538,3.76246509637901
0.8050138014077824,3.79723022198041
0.7794951010331187,3.832909334268152
0.7542490648631597,3.868404472470917
0.7281320407787109,3.9050104545420914
0.702707383287837,3.942068113816369
0.6773876484971293,3.979886816562556
0.651904558922569,4.017083446209998
0.6278075747986613,4.054241292848811
0.6042080394782221,4.091218250140157
0.5805134099782107,4.1288022662717045
0.5571861330748518,4.166439816807155
0.5342295383644389,4.2042856281796785
0.5120675533946579,4.242810013757408
0.49045203494569434,4.2796937188124025
0.46866086893687886,4.318364076734272
0.4473106688955879,4.3564797148938315
0.4264366658732947,4.395251502496788
0.406202830117941,4.435117830845827
0.38523425340975626,4.474299208511796
0.3650715023374781,4.5146922354475905
0.3434147614392564,4.559746127944053
0.322159073621048,4.6044492991274115
0.30144644683558686,4.650353476468232
0.2792622826305394,4.70050597817221
0.2583283933270475,4.750536091936271
0.23638058283432462,4.806007497869507
0.21424133329044348,4.861399883070768
0.19348823601245124,4.91883108275871
0.17235472976942812,4.978388467681174
0.15422693224698092,5.033058822968396
0.1362182732479652,5.0910353116777705
0.11966917748985306,5.148336051509906
0.101171744032033,5.216772147310042
0.08337915024625792,5.290539687642079
0.06568034666784694,5.367316900776286
0.04878889818833587,5.453266390666746
0.03360570285484987,5.5515089847727195
0.02334827610296064,5.620164659996658
0.013064701784243349,5.71887006341964
0.006969555025942431,5.78951234795287
0.0021961600421646077,5.884772749495416
0.0,5.993921933014619
