1.0,0.5868433745228113
0.983330198401255,0.6062162047056237
0.9635867747465218,0.6234695440524094
0.94007068132441,0.6382378917206534
0.9177514534590641,0.6540912011535871
0.88980006710119,0.6689745277729839
0.8678777524571497,0.6869045527246959
0.8494744064416393,0.718592421908238
0.8297594580736741,0.7210563929063614
0.8145222387307318,0.7359756189839628
0.7890752001835452,0.7468341718625842
0.7695122512403063,0.7624574513835978
0.7530968217310837,0.7886842378730251
0.7326160824808867,0.8135896330678349
0.709246353759358,0.8204105130995902
0.6900765704633384,0.8443298366373145
0.6690789517778842,0.8693056242703757
0.6434552375508482,0.8747390431155364
0.6107778457264066,0.9048090587118166
0.5873365850953702,0.9403691173543246
0.5421329353629719,1.031075422021209
0.5275573465707593,1.0365686309641857
0.5165437804357512,1.099283448636578
0.5005836544209751,1.1012174349946777
0.4934188226174647,1.289186868887947
0.47518463326606153,1.2984187666954479
0.42384942868745945,1.304919763536189
0.38557713815848277,1.334979655691389
0.3603349644473583,1.3922284362269854
0.3250685548901162,1.4642637796748177
0.3074106844364455,1.6838955300290244
0.2464111295396908,2.2430808634011687
0.24356349092520704,3.2875831899783696
0.21836671643069983,3.3443887005935564
0.2013905408637289,3.373794249596692
0.18297028131044107,3.4232810050925253
0.16486117253616447,3.4632424793919547
0.14088628753575042,3.528415140386367
0.130352318346441,3.5789955714327455
0.11004496867522387,3.630711534927108
0.09055039113073943,3.7151923220903957
0.07281399444825627,3.7683737581585177
0.06261439040125424,3.824928780478285
0.04947086112617839,3.889741237900638
0.03606255197520691,3.953533160022309
0.02872825319932737,4.095445355198815
0.018733171863139594,4.1849532009351345
0.014715908705025949,4.243351024186569
0.00455064554337258,4.455278161382725
0.0,4.473683295337182
