1.0,0.7489497298972202
0.9764942338663682,0.7667393076907566
0.9530565799214373,0.7847175990841769
0.9298117733964573,0.8025683534800225
0.9066848633583718,0.8206798757717468
0.8835425646051992,0.839015433809775
0.8602889543240132,0.8577516180475263
0.8370143357522654,0.876670114885809
0.8134790995626358,0.8960644270089456
0.7901412666546631,0.9155928134004501
0.7671077354472174,0.9352636373739298
0.7442149973527804,0.9549629001983414
0.7207160222673078,0.9754886936366214
0.6974669621551546,0.9962124843987692
0.6744419322967511,1.0171633121634491
0.6512114762993195,1.0384231438468914
0.628304637030534,1.05989635585075
0.6054314852876654,1.0817691967936194
0.5830563004589606,1.1034807306886771
0.5608898397333804,1.1255816255527498
0.5388451658417208,1.1479674198450749
0.5169359706171446,1.170419286751355
0.49516644587195646,1.1934257805550952
0.4735610858070101,1.21659180005105
0.4522311800721055,1.2403451590053134
0.43063667512660375,1.2645737136621042
0.4091886085552219,1.289305555232665
0.3881992371569729,1.3145391002686866
0.36720537452448965,1.3400909556134197
0.3460727349763817,1.3665487066112763
0.32602081316375864,1.3927468397596487
0.30580225652043747,1.41949539949407
0.2855388348877992,1.4477265972556068
0.2647213274614695,1.4769826462986988
0.24480194228869478,1.5066158672144907
0.2254256417600521,1.5369268811381678
0.20455572720748094,1.570798909427728
0.18325626247030302,1.6067902845977182
0.16132139971803583,1.6463929299492797
0.1403702205837568,1.6873831913799897
0.11894825304076884,1.7314805242123046
0.09745980928553521,1.7819650459670167
0.07931414141632326,1.826577981367462
0.06149872767119757,1.8770564239436296
0.048637587463991605,1.9183496848840673
0.0363155049910846,1.9627846233044857
0.022473773232045247,2.02393183266844
0.01163233419087506,2.0882126667891923
0.0032717021449344408,2.1643644371022726
0.0,2.2485139524315088
