1.0,6.8338548933270316
0.9822968609924742,6.866626679515489
0.9624373531453463,6.89791606293311
0.9423570446246531,6.931824524188264
0.919652360909533,6.971155821994097
0.89986724967328,7.003914960574895
0.8822677632562705,7.034273881603816
0.8632389320903094,7.062243316441048
0.8454672762467018,7.098075009314867
0.830369032768624,7.126810146671517
0.8078063956935451,7.158296855698223
0.7885327485643494,7.196515859939364
0.7663994399271084,7.232474347523017
0.7465089105117328,7.279496749115493
0.723345225630153,7.327304658448597
0.7004173226978891,7.3774880496518636
0.6813235387169279,7.403679573556052
0.6602337286179158,7.452952549821639
0.6321889926054372,7.512927117298342
0.6008399449989942,7.553379395384038
0.595146899549452,7.597118750967129
0.5725704474519477,7.665320397908969
0.5462298332778797,7.67463338106458
0.5268081181634477,7.790012005720733
0.5109941133001539,7.852205386276049
0.4808071102800971,7.895158678784003
0.449441232363773,7.983131290984854
0.44900295763404724,8.223643543865949
0.43649399616319684,8.28545802536595
0.43012039765083443,8.396985848030305
0.3759197477941183,8.446443591447323
0.3655132122708285,9.050409190113077
0.3503183164206216,9.13144356301746
0.29565659029648506,9.18872521115687
0.28340611895597706,9.329145832973271
0.2721443903518623,9.402540684999227
0.24507065269638187,9.448505604101603
0.22535094359761648,9.541292171453794
0.19633573663044016,9.631106533463049
0.18128575255856338,9.751052681596454
0.17248200231778912,9.810979102204408
0.15506369785807034,9.841485723310974
0.1344857043409208,9.85850568252781
0.12979577909340032,9.95616928017523
0.10728926405644612,10.160300825391515
0.10688814051094676,10.170977854997231
0.09380340874556807,10.372367239864833
0.09129252981555439,10.60797383418372
0.032246637813808154,10.817152543076801
0.0,11.381399903663123
