1.0,2.954518433912968
0.9745310101187965,2.983955093449811
0.9492449136890024,3.013430432366096
0.9242353542611912,3.0431068015613065
0.8993715724977385,3.0728872781678565
0.8744309176100429,3.1034530464397005
0.8497087610738454,3.1341546981942003
0.8247999646573518,3.165058867391397
0.7999188336725769,3.1966402237070874
0.7751860116483419,3.2283701054176026
0.7507819559679736,3.2607392976480205
0.7261970640723414,3.2931713916062
0.7018125887054135,3.3264320281471718
0.6774538342803713,3.3600829789416915
0.6533280292130617,3.393814588414151
0.6293119593294699,3.4280672192034896
0.6055018553092603,3.4630225838957864
0.5817211064181603,3.4981177242773884
0.5578989114493954,3.5342130696745127
0.5342060750074569,3.570960046502259
0.5106182953644613,3.6088184727921666
0.4872129926582359,3.646415186266703
0.4637560475663818,3.685192054331171
0.4406107669947503,3.724504102629286
0.41723328384666447,3.765637097526604
0.39419410584212744,3.8072094957325193
0.37109464270339143,3.8497550187824543
0.3495923811655889,3.8915711621319287
0.32810857308915464,3.932901747460023
0.3071318906500833,3.9762939767958074
0.2857003468204907,4.020641751794378
0.26528283119297325,4.065686874847568
0.2447114833320555,4.11228187914911
0.22429006769952964,4.160181386310191
0.20460360105230324,4.21065228489567
0.1837555674080581,4.2631610826980495
0.16387444327973233,4.317967807030015
0.14513010352354505,4.37278819475668
0.12675054196888713,4.430726225682827
0.10920214219382729,4.48863144293428
0.09212824582441015,4.551902397869662
0.07611356691870275,4.613568260056381
0.06192943204217122,4.681089890952964
0.04920857421144331,4.741850587670785
0.036671528074774695,4.8064204717411965
0.023770306910186667,4.900753283127589
0.014968380745474574,4.964729783596663
0.008503122102374028,5.042081936772497
0.002392555227668236,5.133700050016283
0.0,5.244843980888888
