1.0,3.1503353638389258
0.97327043438112,3.1826004069014546
0.9463029473249223,3.2142737382523205
0.9195498400989357,3.2468095205177714
0.8927412559230004,3.2798770865447264
0.8661970934795201,3.3131627582250225
0.8396396374143622,3.3468023750139926
0.8131576661609552,3.381102780617263
0.7866958279403202,3.415555396431883
0.7603180448208466,3.4508223795485797
0.7339641068026161,3.4862395330445497
0.7078316319487608,3.522797156542338
0.6812912013507358,3.559998330519301
0.6545755238841684,3.5982123785342446
0.6281870413908066,3.6367065887634054
0.6016637139062289,3.6763501423554943
0.5755983821681259,3.716766409460808
0.5495177769481927,3.7572497662190294
0.5236470001398168,3.7987102512764244
0.4979093879111939,3.840585221888455
0.47270054945635254,3.8832871947753156
0.44794231270901297,3.926244223589894
0.42370637268977757,3.969518627798492
0.3994862797403034,4.013423570337328
0.37615178587250825,4.057743616708938
0.35275439646208284,4.10234789390918
0.3300871197250804,4.1482274136652935
0.30797531958631746,4.194393566736253
0.2861768714971328,4.241207849588634
0.2650478580528901,4.288872449463467
0.24423081557198845,4.336823700083978
0.224231058783955,4.385512056670625
0.20482270485250265,4.433903504455082
0.1861451226426143,4.483368588257578
0.16837205563404722,4.532987735063635
0.15137049853456686,4.583347731108037
0.13457650028700707,4.635091086734074
0.11871657620493914,4.687099911102123
0.10347280871654585,4.740604397250876
0.0891192871459976,4.794888946799246
0.0753053714278214,4.851288179581408
0.06240345965173011,4.9096556476558835
0.050479206537537014,4.968684383182878
0.03954343463719323,5.0296538102164625
0.029446165343286146,5.092750736130685
0.02038519773756775,5.160308860302609
0.012601474271000505,5.234102168913171
0.006071434440670362,5.312545171691242
0.0016940256428708,5.3992753999312955
0.0,5.494371026229771
