1.0,1.8109350996304436
0.9777914535555103,1.8326276721969645
0.9556182757244385,1.854421843288408
0.9337100133208207,1.8762416544574378
0.9118848207220078,1.8982069858868602
0.8901366680251597,1.9204940888039779
0.868417270037853,1.942905646269354
0.8462995620482443,1.9667571953685115
0.8239624412378084,1.9896563512144354
0.8020047251843716,2.013624121302425
0.7797200670435687,2.037388392428467
0.7577038817178676,2.06174803906024
0.7358189042833194,2.0863084740817777
0.7142433254741822,2.110929123348266
0.6917355822685243,2.1367363857952615
0.6695744386739745,2.1630398651567275
0.6476603575586625,2.1891568091301905
0.6255082416937601,2.2157797441191995
0.6034576795038458,2.243353117733842
0.5815164923074634,2.2707871410326064
0.5596542837122828,2.298704936185922
0.5380584109748523,2.3267586334406287
0.5167808355758526,2.3552970244661755
0.49559840159457175,2.3840435191963705
0.47467105997090664,2.41311534954927
0.4540254834072013,2.4424499045061374
0.4336012400514694,2.4722195539070655
0.41332515400622616,2.50240934528293
0.39356327538577396,2.532617274407482
0.3738770000086604,2.5630376237568067
0.35429654790319265,2.594550620424628
0.3351185235904094,2.62672201952489
0.31614385627180985,2.6584256381379747
0.2972509468714666,2.69170219014951
0.2773866425665592,2.727685301502223
0.2566579952698722,2.766366264011216
0.23652794823024526,2.805614459835528
0.2169308378234126,2.845356885888171
0.19597942128543933,2.8900415324904603
0.17461217207630325,2.937809673537137
0.15513483051501642,2.9876172628733673
0.135173352366248,3.035405357498918
0.11632407249856414,3.0875964777276357
0.09797506028564285,3.141604438892414
0.07762421875275072,3.2084745538609383
0.06084677325545895,3.2711472369107026
0.04082798593764725,3.359618541220936
0.028980551548930755,3.4462164541080225
0.01552627642174731,3.508216648996484
0.0,3.7468171305933566
