1.0,2.7600844540410994
0.9715479432030505,2.792378100191849
0.9434460483199671,2.8245357513753326
0.9156075874538726,2.8570438995316114
0.8880736420900758,2.889840335942643
0.8605509454879087,2.922095107672723
0.8334252619074211,2.955267817829802
0.8067942044934685,2.9881001956268887
0.7802388097226647,3.0211441040174654
0.7548323237000989,3.053665339446719
0.7287374917048932,3.087416646489102
0.7031250049507465,3.1212888566124533
0.6783677446310918,3.1552938150209413
0.6531996419570338,3.1890290679066595
0.6277243163219755,3.2247108122796044
0.6028388710709467,3.260282472060069
0.5793578146769518,3.2965241677446815
0.5545894930965443,3.332155387100103
0.5303126619378931,3.369222289202625
0.5064414247491191,3.4061923898901316
0.48307266610278643,3.4421327171281138
0.45995873645549434,3.4796719697441283
0.4374018130245789,3.5174584341683883
0.41571266423036846,3.5551595035611268
0.39375245038542916,3.593188808813339
0.3722000932190952,3.633352305709607
0.3502416173748487,3.6727526302955216
0.3294617997430588,3.713701040287946
0.30845531760012534,3.7546060959618774
0.2877111766959581,3.7977250214704483
0.2671732089318082,3.8407723571674905
0.24692799861424886,3.8847861507754944
0.22663053909313957,3.9321398927371813
0.20727768358084353,3.978767605614637
0.1880108491322081,4.02607951807578
0.16970453432105514,4.07536756732532
0.15204496854411376,4.125503972685135
0.1345586410116688,4.177159362616295
0.11852895081362447,4.228890565604452
0.10267098752948078,4.28287874836972
0.08723831264739823,4.337059995210271
0.07397627612858082,4.388421654431381
0.06030067695769392,4.447397536582254
0.04636815581734555,4.515054922850887
0.034066236360352886,4.582909307554916
0.023918003437133017,4.652134941501852
0.0148710288456112,4.7232540171936535
0.007013272262088366,4.811485569294024
0.0019019872728133214,4.8978391951898
0.0,4.995320528415604
