1.0,3.150461956238186
0.9846179013923773,3.1697075448719843
0.9692496045790994,3.187290203964948
0.954669544540151,3.205504918213623
0.9398198185631588,3.223748953735586
0.9249011346964934,3.2403388046187365
0.9101950342112655,3.2596288261030053
0.8947214813797054,3.2779221295863405
0.8811293821618131,3.2950896736256583
0.8675413882092528,3.3125521505891515
0.8536535495669841,3.3296450781069926
0.840034995374555,3.348030877006126
0.8251504882783821,3.365582464691475
0.8113902760248376,3.3837478937791006
0.7981470792785357,3.4019597956714214
0.785404614576102,3.4189818309568776
0.7718976188653973,3.438648222175872
0.7566404326393114,3.4579436244190647
0.742991612898275,3.4777811547257476
0.7276611499423827,3.4958439017164125
0.7119933395628013,3.523029665002478
0.6958236461106502,3.540045338747269
0.6817079719669129,3.5620182930596336
0.6665938143235673,3.5906544163759087
0.6494083809839057,3.6097632770582413
0.6305858315839165,3.6373925277615795
0.6131208118909831,3.6674396051725573
0.5959051747014703,3.6888654594561383
0.5785452087896285,3.7169325532892517
0.5630343091778938,3.7373991757266323
0.5533712732494225,3.7585676801968573
0.5399845572045179,3.7792804407542184
0.5227075138469207,3.8107753828704625
0.5064278895569936,3.8305652104435235
0.48860372002666763,3.857780049010543
0.4785421625522338,3.8933297980063246
0.46374060991266874,3.9226709200353174
0.44041103905647266,3.946411756859295
0.42937702320254567,3.9839568382012547
0.4144625177827972,4.02762306054488
0.4010465226914517,4.063937906447226
0.3777608319326562,4.080659436710546
0.3564514283211895,4.117868758684983
0.3411461016681465,4.170929069262205
0.329210562776287,4.264921948431456
0.3128343848246309,4.365619830621679
0.26598454631582136,4.533058511577703
0.24702895605898578,4.621048851907688
0.08761804238904414,5.099403122376675
0.0,8.43861072829398
