1.0,3.749357689495434
0.9878371861376805,3.7678530119083304
0.9758708683669841,3.7858220403927803
0.9621534581292593,3.7967862193021955
0.9541908115604711,3.813712577887895
0.9428157190991949,3.8217072643203123
0.9257285966132001,3.8477007875287215
0.9175031087934085,3.8581923708960013
0.905105330177796,3.8750626596597657
0.8938946352906243,3.8903458685117602
0.8847479382504305,3.9045920180520857
0.8754273538104288,3.9132708778558967
0.8637069185494264,3.9376475766480423
0.8520563274191003,3.9525608197616116
0.8394807280616188,3.9602600399963035
0.8281391183634956,3.985591241252106
0.8158283398144381,3.993788219240555
0.8025446792239435,4.019977211427131
0.7881572619510439,4.037191929876426
0.7750726664845117,4.066673210337621
0.7617395020398603,4.07170940228139
0.7471127860676074,4.117370982430085
0.7339229968121983,4.140198382674192
0.7146792367058774,4.149821217884663
0.7043594525621593,4.164428642784863
0.6918553753113834,4.1918916945713915
0.6776507115293088,4.214041410427516
0.6662051617530795,4.240272212578734
0.6644537805105403,4.271699932106373
0.6475849010187968,4.274105700311465
0.6363205774306583,4.30895246451182
0.6307171671920438,4.343683823068013
0.5835691234931941,4.3573135874417055
0.5494133333290437,4.432860913074886
0.5448319753754081,4.646119734685757
0.48719539909892073,4.723401919626172
0.4870895427178963,5.010514881754665
0.4785650880538138,5.232325631168467
0.37857996134023286,5.316826132631371
0.332257710151011,5.454509762415314
0.2895414622938186,5.718702598251126
0.23874262370375665,7.079426134268873
0.23446416086533733,9.291414626212088
0.22806306312741134,9.555773658887006
0.15725416874616008,9.685086182197141
0.11346915014266878,10.482014482022674
0.10149496143794802,12.119287559783338
0.0,12.133701472703393
