1.0,2.9608445682041413
0.9831092397740739,2.985366962419478
0.9660113854146398,3.0053590343011645
0.9579472694571499,3.016888844769701
0.9382718863620791,3.0318011367930566
0.9244043957192436,3.0513835422156674
0.9110019549358537,3.073321334757219
0.8959822157161154,3.084738241494262
0.8777650509095124,3.1092230267046608
0.8616513262125652,3.1242474008804137
0.8447106321637581,3.1568027686776534
0.8220393961336989,3.1755008726295513
0.8111249343823889,3.1954658223927233
0.8006718900001579,3.224206004291914
0.784117656945749,3.2346789977717116
0.7686516978960548,3.249922130383083
0.7515112525972595,3.268979010372238
0.7421911526056081,3.282881410195492
0.730972450940771,3.3233152180610346
0.7080499771837723,3.3260820425748934
0.6835780348647252,3.3617928624385107
0.6675039615998665,3.384747072897729
0.6531728096334973,3.415775513635387
0.6305679768087217,3.4433383870868712
0.6121175316242562,3.4755037648359917
0.5984098585410313,3.4951234371932753
0.5747929733349384,3.52779027565271
0.5602896243700903,3.5825948449367817
0.5357822564925017,3.606028342640718
0.531603663977971,3.6258388390085643
0.4973881924260665,3.6566110551602944
0.4616177708824995,3.707796633603572
0.4608564824800427,3.7757117756005845
0.43915303934198047,3.778063411146474
0.43570925100500624,3.828909925737212
0.4209434447738736,3.849258428994641
0.4064382481636426,3.9091133534852314
0.3682799945170925,3.9260410150210747
0.3508312748173069,3.964940369833669
0.34129174584984723,4.163336325920726
0.2898220863116581,4.186786833253481
0.28189782027090904,4.347573164365931
0.22693130816045137,4.432749220859415
0.2236273921448524,4.850444703235807
0.20387389707254008,5.0361814556897535
0.20014354434832915,5.209694083393904
0.1007818097708929,5.428461503213981
0.08792073342945617,5.710153023097369
0.06368928940506603,6.350655901711381
0.0,6.3758748411455315
