1.0,1.0960803900107223
0.9655570605006878,1.124045970679157
0.945252028265883,1.1542372193036505
0.9126716780483745,1.1808409878032389
0.905283037120073,1.1959526209709246
0.8769237230339471,1.2084382351790925
0.8710736500667605,1.2332264086550877
0.8399982980025633,1.239584188380967
0.8102988952229432,1.2592612274876873
0.7962469833535286,1.2785193752715047
0.7790245796680217,1.320564323209664
0.7487986927347455,1.325912470981251
0.7230047918711859,1.3522277259006983
0.7044124483823732,1.3803329382808482
0.6880334295000536,1.4160776711106189
0.6349306410181152,1.4350983437343867
0.6283261140241369,1.4657301174655715
0.6052327739687728,1.473808069954148
0.5818733614047407,1.4979464042868962
0.5623445519120905,1.5464927406521185
0.5319526432812611,1.5560120286430308
0.5220455174441574,1.582770515341714
0.5040195650541922,1.651557849439867
0.46969376025144083,1.6590441149607427
0.39352748625367373,1.7667642882495744
0.3908954046906967,1.8011333958183915
0.31963323787552045,1.8681890426369387
0.31397306283330184,2.041651854447265
0.2972108484968965,2.0718617390632765
0.2908497681243327,2.1032865285586655
0.27132838323377,2.120315323085605
0.25450891132902553,2.1401041032412658
0.2295530695335829,2.1752566510121496
0.16980278201138743,2.2355364358327505
0.15918906712723957,2.3405521166943117
0.15067738998553848,2.3851624393744055
0.12996825374961163,2.4322857030565994
0.12235178729738488,2.462471097024673
0.10892528980291094,2.5031762569845073
0.08976923964797671,2.586972134080208
0.06802709062187952,2.65527944541059
0.054458515327767146,2.7173287096404386
0.036102938916478644,2.7295397744528995
0.03099650349559571,2.835927252438285
0.023088478885906105,2.9160380934857404
0.01637537772309668,2.9947983928408943
0.008425955814893301,3.0683927692096016
0.005891226137137798,3.215310131076198
0.005204789943363446,3.280238021885197
0.0,3.352226926842391
