1.0,1.997264455872479
0.9697220941135181,2.028608994391071
0.940106681320147,2.0590867324186903
0.9100590833432313,2.090123311386705
0.8808210012207989,2.120792300050506
0.8525894569381398,2.151463015633192
0.8250701417458115,2.181163853630392
0.7978217561121228,2.211933040704669
0.7701167315868759,2.2422089319164957
0.7432717423139997,2.2733782860972376
0.7166472279091336,2.3050567071293027
0.6899111926129791,2.337139196813071
0.6629099415530688,2.3694775777804002
0.6372814163397009,2.401478869181272
0.6116864514437524,2.433964329963018
0.5864845147787512,2.4667117038366233
0.5612554471127593,2.499242009038197
0.5374693160153003,2.5321737087037324
0.5143706934901944,2.565363441263377
0.49067592703180885,2.597942235879395
0.4668310408956495,2.631825244449838
0.44421963481674087,2.666082508794917
0.42181956233016527,2.6990155297458966
0.39888283985558026,2.7344397092128654
0.37767419650917966,2.7688292659827143
0.3565833378148711,2.805380890058505
0.33508223146868876,2.8405025116105427
0.31419843039919815,2.8765922041472147
0.29465033813730646,2.9124699719380875
0.27609471629987026,2.9499023204405947
0.2567331070140567,2.9855454116626583
0.23862761119284986,3.021427765562734
0.22034952537987684,3.059569894140027
0.20301892504196428,3.0974996958951806
0.18570560202045083,3.13613067084728
0.16979278583354673,3.174621087621724
0.1539288337672676,3.214115515136293
0.1384402655231739,3.254703083037145
0.1228027495153945,3.297916541467055
0.10774909104396735,3.342695224077381
0.09215549507506382,3.3900528452223266
0.07876257671736564,3.4424169694781686
0.06354680511023991,3.493773616710745
0.05102845940939882,3.5483358947900077
0.03790335103411391,3.610582978029681
0.02603203096319806,3.6747055955316723
0.015899419422860106,3.7449701990186743
0.008129610986635116,3.819607889493181
0.002407084444574159,3.9043291413547085
0.0,3.9964583529639413
