1.0,0.9182382089053377
0.9763189459906942,0.9411334114573389
0.9495119936665105,0.9620412567071952
0.9254990566671119,0.9797838206872808
0.9018211991691594,1.0085707876542223
0.8720884041689958,1.0286519996265184
0.8473286904165296,1.052074645610445
0.819778252527639,1.0693409928527144
0.7967036795128651,1.0984019773532538
0.7689571005049798,1.1148043074387224
0.745458570905086,1.137307038882069
0.7191130331433621,1.164811969343978
0.6922449810991479,1.1864711056279276
0.6729184122904975,1.210099992922629
0.6476519546340817,1.2359054044822584
0.620843596516054,1.2601528022523043
0.5971878163189326,1.279995559613242
0.5777930467929101,1.3017966381925496
0.5555679388358553,1.3265156333399901
0.5334669104879575,1.346671081176831
0.5076964797534852,1.3808955791172453
0.4838768058358237,1.4060108325092653
0.46081296096993896,1.4308296572499148
0.43979691334343723,1.461417323566439
0.41455359781684586,1.4931702766572386
0.3881113250789658,1.5175116830788784
0.3660095904568945,1.549663340517673
0.3433238252564046,1.5843091806551475
0.3194061905661595,1.6114632646474725
0.2984370912101729,1.643347100113854
0.274447309987916,1.6778638336211218
0.25221403872357856,1.7130714530210605
0.23061411370714235,1.746252600349541
0.21076490149156557,1.7858748470132002
0.1946440225754414,1.8199879309229197
0.17580950770343404,1.8461799668340548
0.1561386076807636,1.8805878729035972
0.14062825045423566,1.9182244691649166
0.12443687952208304,1.9530707965023544
0.1101157471855872,1.9930118690837777
0.09311330899859638,2.031767598878474
0.07867533984675268,2.0725212006937426
0.06543104606466499,2.10675982865653
0.053676381228485226,2.1463731991712716
0.0403091084029783,2.1857390872122764
0.030363564416828748,2.24848004496309
0.01738603711099107,2.307774330936949
0.008095766572653096,2.376650105929265
0.0014715655301010822,2.4470603181766126
0.0,2.501360638031329
