0.9996136891393589,1.2840572854203418
0.9931448837922603,1.286640602311969
0.9926530962380197,1.2894168557583365
0.9826548011478691,1.2897323639170117
0.9803455555801099,1.294476074954623
0.9781401891881344,1.3033196813760566
0.9769711290211581,1.3067405779815384
0.9742911398183761,1.3078098147558914
0.9730494328306966,1.307931010997887
0.961682629845206,1.3104080128105084
0.9541729837430798,1.3275123029310438
0.951180608182422,1.3372846799393328
0.9489499759535045,1.3443995673667766
0.941829592875351,1.3594204591511192
0.9335989807394136,1.3797203585774902
0.9326654502484976,1.3852423738785715
0.8993940674865641,1.4344672061907668
0.8885085541069746,1.4756115848054348
0.8678573224027516,1.6906175319281582
0.8302764247803955,2.426309307556957
0.817380088350368,2.433292185365216
0.8141453667154146,2.4363465303996477
0.768939622650881,2.4796008408694195
0.7392982237506213,2.5204517639271917
0.7343101516410945,2.537491598011133
0.690419446281424,2.5665492461346653
0.6781888865054483,2.5970254575364553
0.6455604230376962,2.6407687073065307
0.6421455261008573,2.663327544103161
0.6223068813011043,2.6898720311800037
0.609351105179388,2.7169200677215857
0.6026728401427905,2.732961074990818
0.5965002651948289,2.790917456491798
0.5725411394825349,2.8556681705652296
0.5363164282056111,2.9388801383622267
0.3786170802495561,3.090588709264927
0.3640067702869135,8.896259232164697
0.35479556213122365,10.134986942408093
0.28341144083702796,10.71548538493876
0.25563177350238675,17.089157707947773
0.10789329072498198,18.604399968615542
0.09306284736035336,23.976967715880622
0.06777662210140023,28.94530560726156
0.06096229022029309,29.689217779253767
0.0,33.62639817095827
