1.0,3.9449290659870293
0.9728471988357075,3.979883124157067
0.9460327233564793,4.014918144373171
0.9191278299229566,4.0506022618216155
0.8922392688718417,4.086597107446029
0.8662566611675728,4.121971773441426
0.8397299035170323,4.158622593671566
0.814042143111563,4.195161365148959
0.7882881589698172,4.231526214768141
0.763293309497421,4.267274817739573
0.7383765931278856,4.3037169841838026
0.7143387502264587,4.3397487314238195
0.6905535025157103,4.375942426942981
0.667165981829327,4.4120636901966295
0.6440178660848361,4.448595704122898
0.6210072713085237,4.4854074673743
0.598307448143804,4.522317218381049
0.5756949598903845,4.560053953909135
0.5532239112048516,4.598027630224086
0.5312019164724403,4.636107094857766
0.5093214772949282,4.674697760490595
0.48756174077048553,4.714255936457812
0.465858498143388,4.754382862649878
0.4444001577207928,4.794668206848742
0.42328569306444663,4.836258133319073
0.4020519185277808,4.877925407206034
0.3817426804287348,4.920579430583548
0.36049002108208333,4.96320666955643
0.34017169151645543,5.008498789152268
0.3191507290447817,5.053804284969453
0.29885156942903607,5.100886346079097
0.27849288509673265,5.150058654234443
0.2576149680176538,5.200193481138481
0.2373402584529849,5.252043291375591
0.2175121868063371,5.305457397402537
0.19742669093093768,5.361635703437646
0.17780832741884878,5.419510920347981
0.15801853018503254,5.480951405677763
0.1392464173845812,5.54341286138319
0.12110592151455113,5.606461435175208
0.10299702400233846,5.675707338788117
0.08565285755792551,5.748111760897362
0.06926241205344719,5.823456875293627
0.053625736831364956,5.90332087235067
0.0396228479795413,5.986641835353782
0.02730460810139712,6.07398970761101
0.0164503480944036,6.167337948176537
0.007916007245868495,6.267893729804001
0.0021987959717948424,6.377542475217459
0.0,6.49316991359504
