1.0,2.5668994397441085
0.9740860741051736,2.595463946191657
0.9482921436797677,2.6240468975994418
0.9226159341105992,2.652974152993377
0.8970458267414532,2.6822294915184357
0.8715731295369349,2.7116312552611874
0.8462348432046666,2.741473874900512
0.8209718540359789,2.771576113479902
0.7958979914319781,2.801960599911272
0.7710688273159089,2.832669404172505
0.7463499370232555,2.863466823312974
0.7219359238423086,2.8945559565132486
0.6977960251493205,2.9257254171720697
0.6737124083290815,2.957342682191372
0.649887302334569,2.9892959866323734
0.6264688788816691,3.0212029539647687
0.6033617739849986,3.0533862686696795
0.5805095850403732,3.0856959035092344
0.5578230481700216,3.118528828558058
0.5352870209540266,3.151578542432156
0.5129915287247612,3.1850714652524523
0.4908306345582943,3.2192094611462796
0.46879318954496496,3.253864652873725
0.4469715074801031,3.289155603672948
0.42523606347015896,3.324829952726592
0.4036023401170724,3.361482867687887
0.3821079903420062,3.398763127532785
0.3607222973256913,3.4370417003223737
0.339532266143597,3.475971849867296
0.31878785771118145,3.5155180357050653
0.2980964721757903,3.5564008140518895
0.2773613124958775,3.5981364214828404
0.25682178732401945,3.6420149479660884
0.23703091706869572,3.6859756571293043
0.21644919742907573,3.7323525758968588
0.19643992566193857,3.779823672651503
0.17701570980636028,3.8293135525995403
0.1579503238689497,3.8796518407397484
0.13912097796276024,3.933985353691403
0.12063505414324249,3.9897110229875397
0.1029460441576665,4.046471163564948
0.08640986495983449,4.105626240403931
0.0710740491088665,4.165075710140086
0.056601308217751334,4.227288432499995
0.04306412212590416,4.293552047038266
0.030416374939204904,4.366601841318093
0.019016246804224535,4.445264564429664
0.010082091681742456,4.526873240461897
0.0029063963248888713,4.62799201162801
0.0,4.7452680771743445
