1.0,0.9191411033369075
0.9944994951365256,0.9432094923126478
0.964938919314069,0.9503177368054883
0.9514676010391715,0.9744718168849958
0.9310471137787603,0.9932509086722032
0.9052125909296316,1.0085417037911437
0.8804796655477165,1.0282339258181228
0.865571139093163,1.0441844992899132
0.8407003094814233,1.0580233939744397
0.8344919022015223,1.0907076109324354
0.7968215254172742,1.0959463762401431
0.7710700195352854,1.1418126633839938
0.7375487054854594,1.157245609500336
0.7154883623856574,1.1756312657304482
0.682677108528094,1.1982375355528148
0.6630256886158788,1.2161843944504156
0.6345141383302877,1.2476389288440077
0.6185849630668427,1.2681230443923095
0.5984039014196892,1.2807790639311931
0.5847528332927723,1.3091498939325528
0.5766195141277448,1.337123773671159
0.546605633450285,1.3443324096268663
0.5258751108092152,1.3871576261682388
0.49802212352364555,1.42246813384641
0.4606200519755498,1.429478474630146
0.44603417288968916,1.4784610590138747
0.41516805366162063,1.4884511171718129
0.3983774131260541,1.5088789237214602
0.3748289731659919,1.5502609685387814
0.35709903642623186,1.6015260888113327
0.30531442633368894,1.6517579313169837
0.2770784541224054,1.6831323579326567
0.25107729682759095,1.7223833685231318
0.23112575109365133,1.7497044985844328
0.21780706853127685,1.799786486260155
0.2080114703801984,1.815503178051804
0.19013172813788826,1.854089552255463
0.13813155072118288,1.9398558049292434
0.1300117530435435,1.976265069308941
0.10460279727660271,2.007821220138223
0.09549431794013086,2.2374631841559403
0.0808235369457686,2.278573751259219
0.06813191745400615,2.3293222793235793
0.054132652789438934,2.3680455458462943
0.040384720663001805,2.424109671756865
0.027340967299974817,2.4755661479462714
0.01807203373699373,2.527180446535386
0.009032133732316039,2.6034873906582554
0.002653317733319893,2.665822055050884
0.0,2.749232041157299
