1.0,1.4451745812401062
0.9757425465401306,1.4673900315831616
0.950735148321039,1.4902542821027265
0.9263157215097684,1.5135635398564922
0.9016389908056168,1.5362868301040837
0.8773324928604327,1.559696899188893
0.8526069928992042,1.583557351612064
0.8280835926210968,1.6078600428903609
0.8032003076556287,1.6326599518231724
0.7788556557657011,1.6571832480206228
0.7541723692878457,1.6824307538974426
0.7290389457416439,1.708737906711849
0.7042402367170797,1.7354703424808726
0.6790237235474275,1.762420773117467
0.6541388143556728,1.7898326011979997
0.6289873486683281,1.8182831802359352
0.6039824536927456,1.8470226353582593
0.5793904910643957,1.875866881204546
0.554744622418665,1.905215414086607
0.5302888187942572,1.9350567579051448
0.5066802226108797,1.9654408514588237
0.48268422033912595,1.9956766701367583
0.45962551801516927,2.0257885295288203
0.43664305967701444,2.0567242140298405
0.4138743539119816,2.0879815022492028
0.39170206530335283,2.119969000472857
0.3695479170875659,2.152017209247552
0.34778342407687923,2.1846875566144437
0.3261299513855047,2.2183047391753634
0.3048424368742022,2.2524902351701956
0.28403310031911766,2.2876957426639946
0.26320002625292815,2.323052862603538
0.24275859223306262,2.359606338616985
0.22273064180497282,2.397421069284514
0.2034617259008069,2.435465880993042
0.18412068237499735,2.4742599648310946
0.16509099473003885,2.515874063450653
0.1461950037631199,2.558410863297257
0.1276856791480604,2.6036138418778196
0.11007913634950184,2.650176265181274
0.09256296544991141,2.6998590766292794
0.07674468021493108,2.7487340697691494
0.05998871180864862,2.8061952157468957
0.04499573205121166,2.865206683209007
0.030827901587707207,2.932598667232782
0.019147155550982342,2.9997573270741706
0.011939977815038416,3.051120314959047
0.004976310040258003,3.1218411043936536
0.002544086357682475,3.194622673374541
0.0,3.247264580244689
