1.0,4.754912336713783
0.9726978007115055,4.792722723461421
0.9462210727616946,4.830280388651254
0.9203340556459797,4.866684001251483
0.8948389505978699,4.904394837202326
0.8692632705188635,4.941489809102698
0.8444599224492833,4.977732391085967
0.8208359316339505,5.014666703058799
0.7965821858435849,5.050337181071394
0.7726512370419912,5.087783860908981
0.7495958428684042,5.124149577090281
0.7266101627990966,5.162521697577261
0.7041630963775146,5.199553360972702
0.680359371633207,5.235249083429867
0.6582460574612344,5.275522951094143
0.635527144130298,5.316366835216796
0.6098074233766532,5.357771910358868
0.5877575107496442,5.3999662272245095
0.5632275278728073,5.448306279620262
0.5362319801605631,5.495593478085225
0.5144180969160956,5.5344064927142895
0.49968019498259475,5.569728323017103
0.47857900553433097,5.602139921641197
0.46368475494757977,5.648304043692362
0.4466463464358711,5.689601543376743
0.42341111250976005,5.713548460328901
0.4020748386107863,5.768539595395291
0.3782485778678035,5.839115373954856
0.3541037610840214,5.879069801172541
0.3344261290185442,5.963324477225713
0.3136729675258504,6.03532499504575
0.28366820738016174,6.0508302281735
0.27584795392804873,6.177268283558992
0.23964874583150897,6.223619579901331
0.19008654379380152,6.3479615587798435
0.18102667695223443,6.4879673707392875
0.15903656915747214,6.5508000955735595
0.14120021831952045,6.636687738840252
0.12137465850712709,6.694304617719756
0.10942317244268186,6.779790326691883
0.08536346767972444,6.874329645606329
0.07336424380716243,6.949896969358901
0.057197085015128074,7.056988311915056
0.04173603548462364,7.249335288988411
0.03544578698133907,7.473174568245759
0.021978288543589495,7.688768836551097
0.0038396364133968432,8.828838645458433
4.435490569660779E-4,11.035028837865921
3.645262851485256E-4,11.314499871612275
0.0,11.441852279439104
