1.0,3.150324682504549
0.9731918286602025,3.1822010409223354
0.9464404956938718,3.2141309326736502
0.9197692281161153,3.246397547241865
0.8933786676543433,3.2789794047240743
0.867256004345444,3.3114678502243287
0.8416142400545266,3.3440895143127043
0.8165546965300854,3.3765982441861127
0.7911437435916527,3.4097763219463832
0.7663170471852158,3.4424926978963857
0.7418355791877558,3.475720183137808
0.7175655027527106,3.5089139433619376
0.6934918571001362,3.5424283910900534
0.6697258860529764,3.5762403830912324
0.6461140477466203,3.6103290109125408
0.6227255333536876,3.64489121263499
0.599458410387103,3.6797668744969463
0.5763300127329162,3.7150116449745103
0.5531784499530005,3.7510447140923797
0.5301192990870673,3.78786070826524
0.5072515356657594,3.82521199861705
0.48432178218656,3.863280767909707
0.46151584391738254,3.9020372643195227
0.43890269116432623,3.9415108483263896
0.4164646211963587,3.9818690332151165
0.39430277983512196,4.022477586603723
0.3723782870451606,4.064040178343174
0.35067820531969096,4.106683505145303
0.3291522534447798,4.149703926076342
0.30819538395627233,4.193692297004982
0.2867397479653919,4.239281152747454
0.266042217403165,4.285607826542219
0.2453993550256769,4.333516960556268
0.22519347097982934,4.382625619569165
0.2054116626777054,4.432724615177049
0.1860131200990881,4.484009628699813
0.16696772898627144,4.5366129451554364
0.14882141356840944,4.590933654325962
0.13102248699899188,4.646360029580196
0.11403112017393312,4.702986156167102
0.09786142059570824,4.7616556296778265
0.08230674550900596,4.8220089495960154
0.06760099577069822,4.8853602889325005
0.052946595393575324,4.955113584942211
0.03966832647162363,5.02905900958464
0.02756289070577711,5.105763866720286
0.0169252548765908,5.189529541690935
0.007843559947082857,5.287106635181874
0.0022326521037125957,5.384684097013584
0.0,5.49433320172399
