1.0,3.7447062420937196
0.9709848505512784,3.7812717519263583
0.9423292190538696,3.81791481709932
0.914015048101367,3.854632100245563
0.8860388601477869,3.8917532525652585
0.8582613722530723,3.9289377286080893
0.8308894390707914,3.966007519707891
0.8038552859574778,4.003355283079519
0.7768054086799054,4.041879898746087
0.7498678551456631,4.080040039850873
0.723457521387712,4.118147604752436
0.6974796785776187,4.15666859300032
0.6716258178975126,4.195880120872395
0.6461188412475626,4.235047563256826
0.6206972398370239,4.2749782892414485
0.5956417613973934,4.315736377789106
0.5707750167331076,4.356328361531347
0.5457469482345745,4.397803750453312
0.5211496461377254,4.439798266996835
0.4967788562299467,4.482559142983024
0.47233996880603735,4.526487438396537
0.44839698690227114,4.57104416638709
0.42491034984734205,4.61469267274169
0.401750427450013,4.659659903561737
0.3790701874646778,4.705485927026404
0.35681561988412014,4.7512199844136465
0.335067962744516,4.79747777740627
0.31349370397326076,4.8446661719422
0.2919625578794701,4.893287651581143
0.2709198915554565,4.94295937927962
0.25012564121314723,4.993824429789649
0.22983252886479766,5.045832468545138
0.2100961894976454,5.098626784506649
0.19085462109729415,5.152050934575055
0.17231965197192756,5.20626366836875
0.15404052709498983,5.263670850509567
0.1367288958114481,5.319978620150916
0.12001715137447233,5.3782289653020765
0.10417295240552504,5.438141525966551
0.08923552168232862,5.497919693989379
0.07553017058297073,5.559995536148975
0.062117145702975995,5.621329833277049
0.04967157446386772,5.6865877441452515
0.038721283362085246,5.7545206370877215
0.028375198662191736,5.822966735257775
0.01903692258991707,5.89913457516371
0.01121627431161254,5.97915528294564
0.0053689419013172035,6.0637356315842705
0.001692392364847417,6.141111929903761
0.0,6.243396978727134
