1.0,3.3479389815498397
0.9743685980207213,3.3825708354277455
0.9508818216403307,3.4107340482253283
0.927417098587763,3.440547224267265
0.9062667549443363,3.4674380795852566
0.8831006876432672,3.5003924702940328
0.8594209253097056,3.5577553230715124
0.8296236832741649,3.563881273692677
0.8067885262054357,3.593890622174046
0.7876161610973071,3.624395930171319
0.765478327925539,3.651759577269854
0.7435374614380222,3.6830968094830965
0.7250200862874349,3.7274057529682447
0.7064443379398149,3.7418143232861794
0.6848846572467824,3.774827263555764
0.6640141387554721,3.7997126019168666
0.6403569580416525,3.8284790806666695
0.6118978892715577,3.876954255272789
0.5978323701731907,3.911574509761587
0.5775540138051491,3.939529576416267
0.5580849773460177,3.971448940794999
0.5288807922947087,4.013746660702569
0.5054480734191187,4.051739690205558
0.47969426391504066,4.092733395572191
0.46140680975273174,4.146451715419331
0.4429725713941388,4.168207126134852
0.42884882475194236,4.215252672426191
0.407129796679392,4.2413704765190685
0.38605386759079385,4.3339316535216685
0.3618968464241098,4.358501860067878
0.325848205765363,4.427448146309072
0.30428295549041406,4.462174020876638
0.27973761848823986,4.518143573552507
0.2688930017863055,4.570899948306543
0.24564320167818465,4.664741532285652
0.22141555208990216,4.673423254730973
0.19446817094477487,4.853698640441882
0.17927641675569295,4.943294757682663
0.12106932725021902,5.066281130254147
0.11467786543380021,5.886628969512001
0.09583581117618738,6.40574482819812
0.08057572554768842,6.882296462314822
0.06963029349520895,7.243239716622568
0.058078596443462104,7.443459722824277
0.04919866957109917,7.5634097274670715
0.040588152178677964,7.7800243126556206
0.034914968900678744,8.060005156412135
0.02603815900278593,8.992501585403087
0.007042028710521855,14.65689447106522
0.0,14.870648279210144
