1.0,0.0
0.9894076146448944,0.02107257208270019
0.9787160182039201,0.04211495571106405
0.9679100172238637,0.06315019855769988
0.9569088931137524,0.08432537027981324
0.9457997053317196,0.10546291739443225
0.9346498887113032,0.1264295855319486
0.9233158767244841,0.14748779178849725
0.9118202875310404,0.1685837632468108
0.8998309157667088,0.1903043230304462
0.8879710386106711,0.21150743458868615
0.8753789271334922,0.23371173393061617
0.8628238266192858,0.2555350442180526
0.8498528625609617,0.2777501119969391
0.8368576077715787,0.2996693443148305
0.8235201592278844,0.32181454734528003
0.8100521370769269,0.3438155352171036
0.7965214073166884,0.3655536476862421
0.7826329317739766,0.38748569410287004
0.7688557780617072,0.4088607925411267
0.7548516837897694,0.43019893547974997
0.7409098517695509,0.4510525915508221
0.726875640619078,0.4716518030746051
0.7128016143491227,0.49191385858128456
0.6991014956103272,0.5112570988354037
0.6853186475765122,0.5303383512839003
0.6716493242897639,0.5488871851811037
0.6579956238491176,0.5670417589954105
0.644318962601585,0.5848530744320173
0.6304958222158243,0.6024750181683916
0.6161099021678301,0.6204085884507469
0.6011577370880161,0.6386093751392157
0.5855411506685717,0.657141560873725
0.5693155652771295,0.6758797871331825
0.5523626695938404,0.6948954812391659
0.5356564617731407,0.7130721549606798
0.5182160259386301,0.731452150460373
0.5009340636249427,0.7490650639002019
0.48337072325233643,0.7663527439025132
0.4657252461109709,0.7830999951348756
0.44790307288481535,0.7993828373003398
0.42945413737578597,0.8155691438908196
0.41096500860898477,0.831107761699017
0.3927486861334193,0.8457484695404729
0.374474422172032,0.8597689071389227
0.3557795561967384,0.8734209073924519
0.3368965295102533,0.886500728403947
0.3185887899529859,0.8985011829162922
0.29986182237663117,0.9100828874809657
0.28077533366212415,0.9211652120069228
