1.0,0.0
0.9894498613335688,0.020988971906981457
0.9788412183078977,0.04186986934151049
0.9681691876660399,0.06264842405408044
0.9574445342471526,0.08329996384025307
0.9466307766599871,0.1038901726801097
0.9358567747573133,0.12417209714083932
0.9250061039038623,0.14436370774059715
0.9140658708820507,0.16448358368863825
0.903089579405266,0.18442921156961978
0.8920282368970396,0.20428562457835908
0.8807781962238076,0.22422976905673586
0.869420353139679,0.2441082495464758
0.85793688423666,0.26394430266629176
0.8463143029403677,0.2837521006385595
0.8345363216380901,0.30354912786676624
0.8229404028545042,0.3227690933496663
0.811561610283768,0.3413677527136174
0.7997393701999107,0.3604169397522502
0.787950818735887,0.3791335072534453
0.7753972046502348,0.398759175020602
0.7624867933513452,0.418613889964783
0.7493981697199301,0.4384023832204188
0.7363952726242857,0.4577220024566039
0.723368498826434,0.4767380149055914
0.7102112349818042,0.4956000017056206
0.6969905618481999,0.5142041566945307
0.683878265118544,0.5323105184984505
0.6709628190542879,0.5498088954467228
0.6574187618811731,0.5678005715266254
0.64366294245339,0.5856980165122441
0.6295757572815734,0.6036343658433333
0.6135576628203617,0.6235469943944153
0.5963425845549082,0.6443755218463723
0.5779051225262244,0.6660256693579496
0.5635565073425608,0.6824040630318542
0.5438237528410903,0.7042557258458327
0.5240184145849582,0.7254047011758669
0.5069619604359432,0.7429895706709451
0.4905385516061245,0.7593719293881656
0.47099898958909436,0.7781599518060522
0.4510312577653258,0.7965708045186282
0.429628781644671,0.8154191099825157
0.40388298772982034,0.8368785322224338
0.3847242195458216,0.8519872748948585
0.3654503032746076,0.8664460758364974
0.3469156243631858,0.879649549572701
0.32713584767247994,0.892982137167608
0.30442870212039486,0.9073231653252919
0.28077944064222715,0.921162905712638
