1.0,0.0
0.9872705343770569,0.025296891950840505
0.9745054551204778,0.050339117940430445
0.9615880323460877,0.07534845604877938
0.948660566654549,0.10004312927466996
0.935685148437098,0.12449330299424577
0.9224425634967355,0.14909971704957115
0.9090801097751342,0.17357335401122997
0.895551210090468,0.19798803010549848
0.8817452570521319,0.22252530166606976
0.8676882126027734,0.24711716571020426
0.8536714152313716,0.2712451148168672
0.8392726574776289,0.29562140641043855
0.8248418283537345,0.31963595819806834
0.810133979080474,0.34368293593923804
0.7955638757399242,0.36707811961767056
0.780961686578761,0.3900988440960571
0.7663608004925968,0.41269112346834624
0.7516164387310696,0.4350727290292242
0.7367343656958996,0.4572224744026605
0.7224013418842283,0.4781363012438663
0.7081170684061997,0.4985702174318095
0.6941995441272675,0.518086992933494
0.6801628759510543,0.5373784621779907
0.6657697792491963,0.5567506010384764
0.6513575723469701,0.5757333129462616
0.6367553311933948,0.5945426481967901
0.6218914824238417,0.6132509840886766
0.607027645409189,0.631517437708976
0.5914663855604898,0.6501675147520101
0.5758435866445063,0.668404163720391
0.5596304102527434,0.6868138039203462
0.5434164215165475,0.70469859282615
0.527205019629789,0.7220548672771537
0.5110220616483973,0.7388564525086216
0.49458283912105216,0.7553878152469594
0.47815243054822565,0.7713702531608242
0.4607354355193629,0.787722858456783
0.443579025599374,0.8032376480483099
0.42683619993109967,0.8178108584283783
0.4107637861834239,0.8312731119602584
0.3941799365975984,0.8446221775839133
0.37834924249777657,0.8568518507013587
0.36217466959150646,0.8688295087062832
0.3465025294009799,0.8799359971187231
0.330229529750774,0.8909484576805826
0.3137025832144218,0.9015906892845987
0.2972311009298264,0.9116536726400434
0.28077540480265106,0.9211651720579075
0.28077531957298674,4.735085642843079
