1.0,0.0
0.9874208580674996,0.025000049053242823
0.9747640314782617,0.04983508293624639
0.9620014047396446,0.07455329727895055
0.9493108585985569,0.09880889374687074
0.9365953466380461,0.12278915665595824
0.923800179403692,0.1465932285337065
0.9110669135968629,0.1699570789490864
0.8985932909362007,0.1925300974844486
0.8856650292265288,0.21559745600517188
0.8729732341960069,0.2379177323773637
0.8603541909410894,0.2597906661301034
0.8476443456482511,0.2814990632905482
0.8349448668582098,0.30286706930712637
0.8223271194483622,0.323778108619759
0.8096899271991648,0.34440222179221125
0.7969937543145087,0.36480095558366454
0.7841700429964018,0.3850773436670213
0.7713831807294869,0.4049679884876598
0.7582805064503002,0.42501067353747624
0.7450160658052541,0.4449510616920612
0.731312589634016,0.4651818962427893
0.7173953918375905,0.48534385177019
0.7032688154351115,0.505412973236495
0.68896270082846,0.5253303968671539
0.674298170903922,0.5453219767156252
0.6591359665245089,0.5655397776338015
0.6437127659300728,0.5856338749786554
0.628024760166912,0.6055849006172926
0.6120467148201123,0.625398818877908
0.595896205528185,0.6449077122371111
0.579524317373482,0.6641515655727998
0.5631937787233043,0.6828127676073656
0.5471025915789738,0.7006787542875705
0.5307588651799855,0.718295027032854
0.5145954318435138,0.7351915415257876
0.4984387640331659,0.7515587985090899
0.4825108949445024,0.7671832362598554
0.46640318212797893,0.7824680717008953
0.45040461678642885,0.7971356811774701
0.4340597662781913,0.8115921192985219
0.41767871528282274,0.8255444907996907
0.4013957389592827,0.8388814607453314
0.3846483515760092,0.8520456456298588
0.3677907551336327,0.8647299604382322
0.3510256868868815,0.8767809671455931
0.3337400340394928,0.8886175896793181
0.31634536026080606,0.8999256130414608
0.2986666367580366,0.910798240087643
0.2807753227038703,0.9211652181605375
