1.0,0.0
0.9881613369522938,0.023537172152655272
0.9762418479601779,0.04695185429129689
0.9641878268796513,0.07034183449709552
0.951986815311649,0.0937211034727844
0.9397302048366127,0.1169071421177379
0.9273836437457388,0.13995957731287667
0.9147736741173585,0.1631891251418287
0.9020426995297597,0.18631896822506366
0.8891810112799137,0.20935712917923
0.876151097302377,0.23235925469584084
0.8628076408827369,0.2555629748343662
0.8492159495664597,0.2788322710019361
0.8354966322081517,0.30194537756883644
0.8213628898005647,0.32536300325846534
0.8071052077804478,0.3485811835736802
0.7926824421132057,0.3716545459654442
0.7780795291896022,0.3945922462560869
0.7633341448856398,0.4173209832517091
0.7484226166409129,0.4398635869003691
0.7333284710692074,0.4622293535192986
0.7182725590542345,0.4840845309096813
0.7032391724771057,0.5054546662937156
0.6878406287563155,0.5268752694321166
0.6725907208946696,0.5476217221663886
0.6579553462820114,0.5670947622989185
0.6433509857719051,0.5860995091063179
0.6287229152037197,0.6047074958977363
0.6140403142494756,0.6229544924764052
0.5990879317255569,0.6410936500607946
0.5844214045517855,0.6584516219017182
0.5696696504531291,0.6754764893526097
0.554870338619355,0.6921189073204423
0.5398848483708469,0.7085243504995876
0.5245744121651497,0.7248216861015877
0.5090087816425528,0.740910060210764
0.49323029056810763,0.7567238804661001
0.47710155831019974,0.772374103057979
0.46110693463876984,0.7873803948280372
0.4450160478800137,0.8019607171292533
0.4291202825735625,0.8158557830839859
0.4131476597739199,0.8293090112233333
0.39680997738990675,0.8425418418438217
0.38085572829264414,0.8549489142266796
0.36480378669111524,0.8669181972158233
0.3484131270159838,0.878608292922944
0.3319074432621373,0.8898374491071911
0.3151253048109547,0.9006960422678029
0.29798787681146977,0.9112032252733924
0.2807753209451592,0.9211652191481429
