1.0,0.0
0.9893964847382475,0.021094595987598774
0.9786863452889754,0.04217303754490853
0.9678764498641301,0.06321517779840802
0.9569298628831762,0.0842852375223857
0.9457753700886533,0.10550894933367083
0.9346896772477258,0.12635520724654226
0.9231396218819475,0.14781323851165495
0.9112798703959349,0.16956899781116797
0.8993212558930566,0.19122127869893546
0.8872322630276441,0.21281891144284526
0.8748065941470701,0.2347134228368034
0.8621003113969642,0.2567830530892574
0.8492538422427954,0.2787679114358491
0.8363755056925839,0.30047601347747455
0.8231947960058957,0.3223503278288117
0.8100050340392428,0.34389184483108504
0.7967091495412348,0.36525453103728234
0.783304816842197,0.3864335639118123
0.7697720876122347,0.4074509331331021
0.7561150797338768,0.42828998619903313
0.7420083073085368,0.44942367188512
0.7277848584253818,0.47032919984674704
0.7130611150215066,0.4915438462442857
0.6981851336433215,0.5125375191594573
0.6831359682987547,0.5333252488165229
0.6678754821412771,0.5539423403545567
0.6522024057746869,0.5746320219017107
0.6362578546212789,0.5951759424327274
0.6202226876178365,0.6153238177641076
0.6040236265308796,0.6351554585924845
0.5876992790557669,0.6546095573973318
0.571513480564788,0.6733723415327217
0.5550450146336471,0.6919250317303345
0.538331616841049,0.710199070309302
0.5214078877212945,0.728133814622018
0.5045088106757291,0.7454708599505614
0.48755149358191596,0.762293541106043
0.4702665879841873,0.7788493362257106
0.4527258615549349,0.795039294279342
0.4350412448500086,0.8107391152793548
0.4174443263192482,0.825740234423869
0.39968060565277597,0.8402554134650302
0.38312416663984383,0.8532158729365251
0.3662708836135543,0.8658456398169462
0.3491008172598591,0.8781286193884985
0.33237912862194663,0.8895241148565155
0.3149088934579246,0.9008323888211055
0.2977521191564805,0.911343675537825
0.28077538565401405,0.9211651828108397
