1.0,0.0
0.9904187814308619,0.019070637389006495
0.9807694114950871,0.038091361475580454
0.971090127887577,0.05698396351928936
0.9612892922258611,0.075922896651903
0.9514378084311362,0.09476609668775648
0.9414795585280163,0.11361624087389144
0.9313225718348566,0.13263826719090843
0.9211562627572444,0.15147113958310654
0.9108357027280942,0.17037832263581876
0.9003196769278434,0.1894244793365436
0.8896553314834061,0.2085133911631507
0.8788347918889199,0.22764940856555882
0.8678254045904779,0.2468790671473734
0.8565617983663909,0.2663018855793343
0.8450525832989948,0.28588613145969544
0.8336453600853665,0.3050354136081397
0.8220609734352631,0.3242157559546677
0.8101287303687212,0.3436914402311637
0.7980555818775309,0.36310728823411553
0.7858544200686491,0.38243283045856713
0.77324239498332,0.4020961986004593
0.759849101383155,0.4226293431272119
0.7464666761435579,0.4427875014071887
0.7328803794752077,0.4628863493802756
0.7189840001723894,0.4830620074961096
0.7043518616615634,0.5038884549738899
0.6897902815469503,0.5241893674833791
0.6746870665093719,0.5447973622849783
0.659054170503204,0.5656476003423336
0.6431785895508892,0.5863213019433288
0.6269902756349308,0.6068831942592334
0.6104914079158371,0.6273002408609389
0.5937327021972426,0.6474814783415603
0.5767644944338162,0.6673427179605045
0.5596132229925945,0.6868330406518407
0.5421980300657043,0.7060212961928696
0.5244982294936523,0.724901607258024
0.5064647590514398,0.743493447838967
0.4881277351363177,0.761731314190689
0.46928617159394526,0.7797704891506981
0.4502980693772064,0.7972316487151606
0.4307673552377643,0.8144394856614617
0.41106970702470724,0.8310216959666213
0.3905445090269425,0.8474749864689044
0.3697041844034096,0.8633188160346097
0.3482936988708051,0.8786914993268929
0.3263092007678515,0.8935223054942459
0.3038072197751569,0.9077011732124896
0.2807753196225512,0.9211652198908542
