1.0,0.0
0.9884331003365768,0.023000006159022646
0.9767993843718471,0.045862962690780495
0.9651718992807623,0.06844320483876598
0.9535721083051638,0.09070023426244489
0.9417718703296174,0.11306574425585436
0.9300851368651362,0.13494163818256089
0.918201873075404,0.1569053202808196
0.9064700721294024,0.17831200833371597
0.8947264027290561,0.19946466425952292
0.8829007091834035,0.22048633772344317
0.8709845018215882,0.24138599758659995
0.8591673019583188,0.26183154724566304
0.8473915859346401,0.2819275000871754
0.8355248539042688,0.30189821850825027
0.823538323630032,0.32178462951263664
0.811451257994509,0.3415468558991288
0.7991900925039866,0.36129519604346927
0.7868050340812893,0.38093783834434114
0.7743345321857729,0.40040603226464033
0.7618333792605598,0.41960990224443606
0.7491453101029876,0.4387813043506986
0.7360847711798182,0.45817920963715475
0.722664527547654,0.4777559806243261
0.708739388340423,0.49768847941484295
0.6947134439545581,0.517373230788797
0.6803010531898122,0.5371904770288324
0.6657360723113319,0.5567954820234811
0.6505225491128132,0.5768204130957676
0.6350160313539925,0.5967546399234251
0.619121263588712,0.6166888609723167
0.6028884979595488,0.6365254590280791
0.5863764799756306,0.6561626237313889
0.5695839257037462,0.6755741515799094
0.5528525047118873,0.6943541080337927
0.5358865930300101,0.7128255594106884
0.5188504329997912,0.7307942281759292
0.5013002866837641,0.7486980225707759
0.48448049465327203,0.7652786503005209
0.4672807920718923,0.7816486613606649
0.4498385299015535,0.7976452970160092
0.43245920299594376,0.8129790377441131
0.41490600198664507,0.827853009515458
0.39707478913464034,0.8423316118336809
0.37900684369790305,0.8563538124301533
0.3601931316112641,0.8702609079400706
0.34095217571654424,0.8837516138741548
0.3213731758688846,0.8967192818319469
0.30119459958033445,0.909281813183642
0.280775377000666,0.9211651876701339
