1.0,0.0
0.9910228939742992,0.017873623618804846
0.9822349372176415,0.03521452810905579
0.9733588143748007,0.052572618478882394
0.963854521942533,0.07098446053093121
0.9542188495787963,0.08946638710851851
0.9442552445820307,0.10838203307932937
0.9332482280388631,0.12904774486232218
0.9234400758558516,0.14725842630333896
0.9139373810307243,0.16471846355470066
0.9034329428688541,0.18380891773932173
0.8938590744387738,0.2010159550434587
0.8833512677774723,0.2196905377159324
0.8710899399519446,0.2412023165145175
0.8604257313133163,0.2596675608939447
0.84410764117647,0.2874822901074958
0.8346105005333007,0.3034253123995534
0.8246894490758484,0.31988731258297365
0.8148278077192525,0.3360556437674369
0.8049787766018703,0.35200916922055614
0.7903515378622094,0.3753444465988407
0.778893053033861,0.3933256119355909
0.7647031822143276,0.41522904311128084
0.7541623674027035,0.43123912359354966
0.7454953935698274,0.4442366181661681
0.7342267774786885,0.4609110392332605
0.7231482240927467,0.47705664599150654
0.7141236816630382,0.49002736728802765
0.7047825601352155,0.5032815429292514
0.6914977388290385,0.5218308771943267
0.6812973135380853,0.5358339705657879
0.6704221558436414,0.5505341329539641
0.651847656419663,0.5750946328201929
0.6395062950326913,0.5910316986135604
0.6307334527782578,0.6021753115464172
0.6052614438325162,0.6336585846097778
0.5993732071040778,0.6407517586057723
0.5513957100498095,0.6959627709386664
0.5001044825996172,0.7498955064837692
0.4871108486094362,0.7627230211669949
0.44687512391593076,0.8003026236251215
0.44430526726300923,0.8025928294823459
0.39913853896656126,0.8406884267116388
0.33823606115019555,0.8855963669376011
0.3207846610914614,0.8970972012084363
0.2809244432751311,0.9210814571705577
0.2808245254265165,0.9211375859189718
0.28079621475188254,4.9778018351831
0.2807889515242119,4.97912759650498
0.2807753294276031,5.159490851408499
