1.0,0.0
0.9997234758246601,5.52971885060205E-4
0.9995527428675604,8.943142259367765E-4
0.9993121156963518,0.0013752954224811598
0.999153996039408,0.0016912921984826301
0.9989460099546148,0.002106869195754646
0.9987435105932992,0.002511400047772394
0.998521262924603,0.002955287487455882
0.9981643680318601,0.003667894391557236
0.9978951581631172,0.0042052533146071935
0.9975800513419385,0.004834041164615388
0.9973219384290141,0.005348951128193891
0.9971337938684075,0.005724197125596242
0.9969184023342518,0.006153699087322884
0.9967131072564543,0.006562981823183711
0.9964296509661683,0.007127950675440031
0.9961399524242804,0.007705195184152358
0.9960370925855677,0.007910110193689146
0.9956992169223498,0.008583069420219469
0.9955836297100819,0.008813236253298662
0.9950518062778163,0.009871902823255119
0.994936414716668,0.010101530670742376
0.9947180381097805,0.010536024659029142
0.9944370610520298,0.011094931606201563
0.9941989036430641,0.011568539994929461
0.9929720659466763,0.014006476249589506
0.9927964953991729,0.014355118723120008
0.9913897791448616,0.017146305807102524
0.9912250890118466,0.017472822913456865
0.9908537748946267,0.018208796777068548
0.9907451249220176,0.018424097443255683
0.990483558322168,0.018942320693456582
0.98974959471753,0.02039573975648512
0.9895589797409792,0.020773025613992413
0.9866297562707422,0.02656172404113577
0.9810106347490862,0.037618134509194934
0.979852843687933,0.0398884047166711
0.9765828300477932,0.5404887222596237
0.969689825126064,0.8180371309988459
0.31534880467154147,0.90055513139223
0.28502816255042773,4.888448755492571
0.284713076960171,5.324592689334403
0.28355338223548454,5.368507060002685
0.2826190509894416,5.427179627115529
0.2819932912035257,5.4820277799067885
0.2808804046739325,5.528148440875371
0.28087079068404763,5.803143663185541
0.2807993197221925,5.810903423138136
0.2807773219625814,5.816933347741258
0.2807753366025144,6.124147637082737
