1.0,0.0
0.9900876395269343,0.01972646605598327
0.9801128240661958,0.03937885210098624
0.9701024915673409,0.05890115585483735
0.9600143597988756,0.078372428979955
0.9499214924313092,0.0976491582170742
0.9397390937329217,0.11689043571002689
0.9295145275913584,0.13600274299661375
0.9192489106485213,0.15498144027150684
0.9088583076417622,0.17397657663055188
0.8984035964032362,0.19287097796973107
0.8878654732169219,0.21169490146929137
0.8769131305610619,0.231023361449598
0.8658803394873067,0.25025123768934654
0.8545496604801015,0.2697448777733432
0.8427796218418939,0.2897225090080343
0.8309232682387195,0.3095665222994849
0.8190730701766136,0.3291193057114563
0.8067554126860342,0.3491457041017866
0.7938498143581871,0.36980247224347185
0.7804712780164058,0.3908645841914382
0.7669391822561176,0.41180429072031766
0.7532171164242245,0.4326639755255762
0.7391132219404695,0.4537116451527783
0.7248140118169917,0.47464464827375785
0.7100469198454009,0.49583337161805885
0.6952348710029387,0.5166484741415271
0.6802564894153256,0.537251108608337
0.6651853497502116,0.5575284504776887
0.6499752455217214,0.577532180208978
0.634527620544253,0.5973746987664484
0.6189523009414735,0.6168980491592557
0.6033003210106684,0.6360287226684245
0.5874961449166249,0.6548482797081041
0.5713097588799256,0.6736051594085612
0.5550470756311086,0.6919227438333544
0.5382712836928483,0.7102640251516532
0.5209421332648223,0.7286192937894962
0.5034641860768497,0.7465238133379752
0.4851753287074183,0.7646049004136486
0.46626647322041426,0.7825955759505967
0.4469514764095792,0.8002343777352974
0.42712526656938987,0.8175640066580276
0.4069376370568386,0.8344017595465967
0.38629772078664726,0.8507740709150415
0.3658721495235764,0.8661375702029978
0.3450108170785907,0.8809675360987632
0.32405954141682203,0.894985413616719
0.30269365655058467,0.9083765502840366
0.2807753333646934,0.9211652121739453
