1.0,0.0
0.9885388105255442,0.02279102008474232
0.9769993715768697,0.04547222793840178
0.9653763574408614,0.0680484884942143
0.9536605758796081,0.09053150601297433
0.9418308785733746,0.11295459616570536
0.9298597901921843,0.13536077058374696
0.9177895362151799,0.15766236721392501
0.9055377275345678,0.18000142401153074
0.8931710530473167,0.20224546999834736
0.8803338710875509,0.22501227541600732
0.8674694275447216,0.24749679227523302
0.8541552297197861,0.27041884354233947
0.8408224782441669,0.29301756007933755
0.8272183459401214,0.31570980814008953
0.8134784860386789,0.3382527527522189
0.7993365871104674,0.36106102050659017
0.7849862976374632,0.3837965125214281
0.7704324377022158,0.4064338589362213
0.7558589885990479,0.42867718935402443
0.7410943315520271,0.4507791917414542
0.7265965763918016,0.47205741517571276
0.7122712444865782,0.49266967427754116
0.6977888713874423,0.5130906909678395
0.6831892877285024,0.5332523971330216
0.6689691677341825,0.5524802526210353
0.655196220506987,0.5707179126333597
0.6416881569297455,0.5882363092561064
0.6276377594681979,0.6060708428897406
0.6135809933012886,0.623518364659404
0.5999466075222337,0.6400640681225629
0.5864508300379858,0.6560754239477575
0.5728377894532538,0.6718568669743097
0.5587057733627777,0.6878478588111004
0.5442632662360114,0.7037774970261086
0.5289983613260301,0.720160733714375
0.5139957562413726,0.7358083625658595
0.49853887479654035,0.7514589903165995
0.48220755013433136,0.7674758785934463
0.46573101997033683,0.7830946170373897
0.4487992835175333,0.7985792031141488
0.43129974449629216,0.8139805303974331
0.41365397352417166,0.8288903901876639
0.3955677903952647,0.843526123201808
0.3772942669194166,0.85764903614974
0.35851861450267253,0.8714644030550841
0.33940705602100985,0.8848028503231511
0.32022412648619514,0.8974565088161532
0.3007431925946915,0.9095535321079523
0.2807753191001163,0.9211652201842279
