1.0,0.0
0.9881747648705621,0.02351063407300935
0.9762668748978008,0.046902988977281734
0.9642790286827142,0.07016595484272126
0.9522670394292099,0.09318748561672763
0.9401424928679032,0.11613209310412465
0.927921030820638,0.1389625605607645
0.9156271138634194,0.1616269883581447
0.9032279975006983,0.18417918453087856
0.890715512367726,0.2066258760274995
0.8780347624872858,0.22905495586389557
0.8651967482269998,0.2514345868574256
0.8520692883130543,0.27397792791368514
0.8389108080270457,0.2962286561754094
0.8255804401072525,0.3184169369123152
0.8121229504890548,0.3404563132889522
0.7985161051326046,0.3623720298438551
0.7847862071872143,0.38411060900870686
0.7708922929272018,0.4057250727054412
0.756765905452745,0.427305364344287
0.742474185525579,0.4487320838281281
0.7280367850778292,0.46996243957353867
0.7133165187467199,0.4911795440830604
0.6985551161154815,0.5120207497488862
0.683855441246487,0.5323417354775726
0.6690959354297026,0.5523106291914512
0.6543616977458264,0.5718107685231997
0.6395084177166503,0.5910289836695463
0.6247112325436848,0.6097358759337502
0.6094755671223165,0.6285395330809307
0.5946542260253167,0.6463863514702315
0.5791567707148509,0.6645774349351457
0.5636067890104057,0.68234738738138
0.5476972399463709,0.7000277333551275
0.5312431839933665,0.7177806794605902
0.514469152936714,0.7353214906765799
0.49759321607647833,0.7524009913146672
0.4805098652375427,0.7691102694093985
0.4629943522672396,0.7856362297686392
0.4462168123186292,0.8008905564042013
0.4289745961805792,0.815980795831709
0.41229700232612243,0.8300111818728934
0.3956456522864821,0.8434645178268041
0.3789392362263232,0.8564050552482109
0.3622032300569529,0.8688088201363101
0.3460371745417833,0.8802582738351394
0.3302544292071917,0.890932011989032
0.31404878299809513,0.9013733618974153
0.2972797275465665,0.9116247635898391
0.28077531895857955,0.921165220263708
