1.0,0.0
0.988674580174027,0.022522574517711447
0.9773309114698971,0.044824289485420055
0.9659384580927123,0.06696289517747356
0.9545071909204341,0.08891602248118191
0.9429436380702401,0.11085729542286016
0.9313865040635889,0.1325191800482063
0.9198315638216514,0.1539098941974152
0.9080375912218659,0.17546773292799156
0.8959972961891548,0.19718884522172397
0.8833523272948435,0.21968866586278368
0.8705157525524838,0.24220232455798274
0.8572162041789877,0.2651803792929681
0.8438248492550167,0.2879596237797484
0.8298456150640965,0.3113562551588914
0.816132754732048,0.3339273266534787
0.8021946016129282,0.3564838211430754
0.7879843967322715,0.37908059050647813
0.7744355407636181,0.40024959320216247
0.7612553484317403,0.4204902944840697
0.7481026455584945,0.4403424317083816
0.7346426978500206,0.46030010649564335
0.7212354901411056,0.47981936776091927
0.7074642070217145,0.4994943957831366
0.6938507229114792,0.5185711743152177
0.6784726921367998,0.5396748060246432
0.6635243530353307,0.5597354329290458
0.6475994297989518,0.5806149785240725
0.631477858790459,0.6012357138574171
0.6145568315522314,0.6223199007924822
0.5973282053650113,0.6431990150754149
0.5793998050154686,0.6642958659480369
0.561209286543696,0.6850441366971158
0.5431587703460318,0.7049785501961867
0.5249940649922293,0.7243812317229349
0.5068225453995925,0.743130907474678
0.48934622870845956,0.760540268448808
0.4718103407058357,0.7773950024030432
0.45529233464124064,0.7927088900169286
0.4379566413744499,0.8081939802760114
0.4200150103026813,0.8235873911204386
0.40287223643249626,0.8376939611118788
0.38546231481781146,0.8514188038552944
0.3678805363399159,0.8646639109822558
0.3500036520068841,0.877497443581844
0.3335960179191201,0.8887136968285061
0.31714335010877104,0.8994200954817855
0.2994401382304642,0.9103356036165204
0.2807754939805137,0.9211651219799986
0.28077531890789165,3.400321248519063
